     0/499     7.46G    0.1216   0.06077   0.02764      0.21       337       640         0         0 4.269e-05 5.549e-06    0.1179   0.05152   0.02601
     1/499     12.1G    0.1218    0.0623   0.02746    0.2116       400       640         0         0  0.000292 3.041e-05    0.1167   0.05018   0.02575
     2/499     12.1G    0.1196   0.06272   0.02715    0.2095       336       640         0         0 0.0004645 6.407e-05    0.1149   0.04927   0.02539
     3/499     12.1G    0.1189     0.066    0.0265    0.2114       416       640         0         0 0.0005655 9.866e-05    0.1128   0.04889   0.02495
     4/499     12.1G    0.1167   0.06783   0.02638    0.2109       441       640         0         0 0.0007826 0.0001368    0.1105   0.04911   0.02447
     5/499     12.1G     0.114   0.05891   0.02487    0.1978       296       640         0         0 0.0009186 0.0001813    0.1082   0.04961   0.02395
     6/499     12.1G    0.1135   0.07242   0.02496    0.2108       638       640         0         0  0.001391 0.0002634    0.1058   0.05039   0.02343
     7/499     12.1G    0.1102   0.07435   0.02405    0.2086       438       640         0         0  0.001587 0.0002977    0.1035   0.05133   0.02293
     8/499     12.1G    0.1085   0.07161    0.0241    0.2042       403       640         0         0  0.002294 0.0004307     0.101    0.0525   0.02249
     9/499     12.1G     0.107   0.07018   0.02269    0.1999       324       640         0         0  0.003201 0.0006167   0.09851    0.0537     0.022
    10/499     12.1G    0.1028   0.07111   0.02275    0.1966       333       640         0         0  0.004447 0.0009046   0.09603   0.05492   0.02151
    11/499     12.1G    0.1013   0.06949   0.02276    0.1935       308       640         0         0  0.005892  0.001279   0.09377   0.05596   0.02104
    12/499     12.1G   0.09743   0.06829   0.02238    0.1881       275       640         0         0  0.007586  0.001677   0.09166   0.05689   0.02061
    13/499     12.1G       0.1   0.06836   0.02055     0.189       343       640         0         0   0.01085  0.002524    0.0899   0.05753   0.02016
    14/499     12.1G    0.1007   0.08956   0.02092    0.2112       450       640         0         0   0.01428  0.003237   0.08852   0.05776    0.0197
    15/499     12.1G    0.0955   0.09549   0.02151    0.2125       418       640         0         0   0.01836  0.004161   0.08719   0.05781   0.01928
    16/499     12.1G   0.09477     0.091   0.02074    0.2065       386       640         0         0    0.0276  0.006023   0.08559   0.05789   0.01889
    17/499     12.1G   0.08977   0.07682   0.02111    0.1877       312       640         0         0   0.03787  0.008767    0.0838     0.058   0.01855
    18/499     12.1G   0.09138   0.08893   0.01904    0.1993       557       640         0         0    0.0491    0.0117   0.08185   0.05812   0.01819
    19/499     12.1G   0.08668   0.07241   0.02032    0.1794       315       640         0         0   0.05944   0.01442   0.08028   0.05786   0.01784
    20/499     12.1G   0.08862   0.08686   0.01958    0.1951       367       640    0.2171  0.007042   0.07246   0.01751   0.07914   0.05709   0.01748
    21/499     12.1G   0.08539   0.08392   0.01839    0.1877       351       640    0.1404     0.077   0.08742   0.02173   0.07794   0.05621   0.01713
    22/499     12.1G   0.08675    0.0819   0.01888    0.1875       371       640    0.0923     0.157   0.08874   0.01945   0.07713   0.05512   0.01681
    23/499     12.1G   0.08157   0.07042   0.01918    0.1712       249       640   0.07834     0.243    0.1298   0.03064    0.0748   0.05481   0.01654
    24/499     12.1G   0.08233   0.08258   0.01805     0.183       399       640   0.06086    0.3239    0.1245   0.02806   0.07381   0.05404   0.01625
    25/499     12.1G   0.07853   0.07414   0.01756    0.1702       354       640   0.04288    0.3627    0.1117   0.02153   0.07329    0.0536   0.01594
    26/499     12.1G   0.07902   0.07427   0.01884    0.1721       420       640   0.05403    0.4338    0.1546   0.03443   0.07079   0.05422   0.01571
    27/499     12.1G   0.07683   0.06611   0.01768    0.1606       402       640   0.05005    0.4799    0.1239   0.02326   0.07017   0.05478   0.01548
    28/499     12.1G   0.07563   0.07083   0.01707    0.1635       411       640   0.05058    0.5155    0.1726   0.04982   0.06774   0.05508   0.01529
    29/499     12.1G   0.07209     0.067   0.01853    0.1576       415       640   0.05046    0.5725    0.1895   0.05969   0.06731   0.05491   0.01516
    30/499     12.1G   0.07533   0.07508   0.01784    0.1683       509       640    0.0407    0.6046    0.1926   0.05833   0.06636   0.05604   0.01506
    31/499     12.1G   0.06986   0.06865   0.01912    0.1576       364       640   0.04246    0.6687    0.2353   0.07883   0.06455   0.05609     0.015
    32/499     12.1G   0.06776    0.0627   0.01822    0.1487       328       640   0.04285    0.6866    0.2304   0.06384   0.06549   0.05521   0.01491
    33/499     12.1G   0.07767   0.06629   0.01672    0.1607       556       640   0.04356    0.6759    0.2663   0.09218    0.0619   0.05267   0.01483
    34/499     12.1G   0.07448   0.07553   0.01748    0.1675       525       640   0.04902    0.7472    0.2972    0.1124   0.06077   0.05224   0.01477
    35/499     12.1G   0.06636   0.05818   0.01967    0.1442       367       640   0.05239    0.7257    0.2889   0.09359   0.06491   0.04927   0.01469
    36/499     12.1G   0.07206   0.05567   0.01748    0.1452       277       640   0.05763    0.7366      0.24   0.06415   0.06547   0.04626   0.01466
    37/499     12.1G   0.06946    0.0644    0.0167    0.1506       479       640   0.06888    0.7257    0.2718   0.09089     0.064   0.04528   0.01465
    38/499     12.1G   0.07163   0.06032   0.01785    0.1498       434       640   0.07651    0.7007    0.3123    0.1122   0.05869   0.04455   0.01461
    39/499     12.1G   0.06866   0.05657   0.01849    0.1437       299       640   0.07613    0.7007    0.2503   0.06545   0.06506   0.04291   0.01457
    40/499     12.1G   0.06666   0.04885   0.01549     0.131       293       640   0.07234    0.6296     0.298    0.1072   0.06092   0.04174   0.01448
    41/499     12.1G   0.06752    0.0685   0.01879    0.1548       398       640   0.07617    0.7401    0.3095   0.08823   0.05937   0.04283   0.01446
    42/499     12.1G   0.06921   0.06084   0.01646    0.1465       386       640    0.0711    0.7687    0.3188    0.1214   0.06384   0.04203   0.01445
    43/499     12.1G   0.06343   0.05727   0.01914    0.1398       381       640   0.06889    0.7151    0.2377   0.05709   0.06477   0.04178   0.01448
    44/499     12.1G   0.07074   0.05933   0.01838    0.1485       447       640   0.07838    0.7757    0.3251    0.1144   0.06107   0.04063   0.01457
    45/499     12.1G   0.06668   0.05272   0.01652    0.1359       372       640   0.07842    0.6972    0.2276   0.04733   0.06398   0.03925   0.01454
    46/499     12.1G   0.07007   0.05491   0.01829    0.1433       366       640   0.08582    0.7616    0.2854    0.1025   0.06419   0.03831   0.01456
    47/499     12.1G   0.06408   0.05263   0.01754    0.1343       407       640    0.1011    0.7116    0.3055    0.1022   0.05932   0.03771   0.01456
    48/499     12.1G   0.05689   0.04903   0.01772    0.1236       326       640    0.1157    0.7437    0.2761   0.08642   0.05696   0.03816   0.01456
    49/499     12.1G   0.06825   0.05239   0.01661    0.1372       490       640   0.09636    0.7401    0.3263    0.1255   0.05851   0.03722   0.01457
    50/499     12.1G   0.07123   0.05786    0.0184    0.1475       441       640   0.08675    0.7722    0.2958    0.1068   0.06918     0.036    0.0146
    51/499     12.1G   0.07041   0.05194   0.01778    0.1401       452       640   0.09178    0.8007    0.2783   0.07667   0.06536   0.03556   0.01469
    52/499     12.1G   0.07028   0.05099   0.01767    0.1389       414       640    0.1021    0.7757    0.3188    0.1125   0.06726   0.03463   0.01471
    53/499     12.1G   0.06973   0.06027    0.0161    0.1461       578       640    0.1365    0.7866    0.3654    0.1378    0.0545    0.0365   0.01463
    54/499     12.1G   0.05817   0.06442   0.01842     0.141       449       640   0.09413    0.8151      0.37    0.1336   0.05651   0.03691   0.01455
    55/499     12.1G   0.06629   0.04829   0.01607    0.1307       312       640   0.08716    0.7507    0.2595   0.07884   0.06436   0.03545   0.01461
    56/499     12.1G   0.07263   0.04937   0.01569    0.1377       314       640     0.106    0.6937    0.2982    0.1116   0.05724   0.03517   0.01465
    57/499     12.1G   0.05972   0.04704   0.01955    0.1263       336       640    0.1433    0.6937    0.3293    0.1022   0.05719   0.03496   0.01467
    58/499     12.1G   0.05979   0.04631    0.0179     0.124       355       640    0.1407    0.6581    0.3406    0.1334    0.0562   0.03429   0.01469
    59/499     12.1G   0.06004   0.04772    0.0173    0.1251       325       640     0.123    0.6831    0.3303    0.1066   0.05606   0.03443   0.01461
    60/499     12.1G   0.06578   0.04183   0.01574    0.1233       279       640    0.1517    0.6937    0.2747   0.08304   0.05924   0.03352   0.01463
    61/499     12.1G   0.07183   0.05987   0.01701    0.1487       566       640    0.1073    0.7613    0.3253     0.122   0.05888   0.03341    0.0146
    62/499     12.1G    0.0663   0.05181   0.01832    0.1364       364       640    0.1298    0.7792    0.2901    0.1002   0.06188   0.03283   0.01464
    63/499     12.1G   0.06435    0.0487   0.01603    0.1291       374       640     0.128    0.6937    0.3329    0.1105   0.05646   0.03308   0.01468
    64/499     12.1G   0.06594   0.04797   0.01762    0.1315       503       640     0.133    0.6577    0.3128    0.1164   0.05477   0.03286   0.01464
    65/499     12.1G   0.06232   0.04281   0.01829    0.1234       279       640    0.1521    0.6472    0.3434    0.1478   0.05795   0.03174   0.01467
    66/499     12.1G   0.06061   0.04978   0.01693    0.1273       346       640    0.1462    0.6848    0.3282    0.1408   0.05424   0.03283   0.01453
    67/499     12.1G   0.06819   0.05328   0.01507    0.1365       372       640    0.1159    0.7683    0.3127    0.1258   0.05602   0.03317   0.01448
    68/499     12.1G   0.06133   0.04986   0.01828    0.1295       303       640    0.1411    0.7687     0.363     0.124   0.06056   0.03194   0.01461
    69/499     12.1G   0.06403   0.04632   0.01829    0.1286       358       640     0.188    0.7077    0.4184    0.1958   0.04852   0.03337    0.0147
    70/499     12.1G   0.05806   0.05491   0.01534    0.1283       394       640    0.1652    0.7792    0.3587    0.1471   0.05205   0.03265   0.01453
    71/499     12.1G   0.06495    0.0538   0.01637    0.1351       436       640    0.1458    0.7577    0.3164    0.1141   0.05213   0.03242   0.01454
    72/499     12.1G   0.06344   0.05005   0.01727    0.1308       418       640    0.1271    0.7222    0.3056     0.117   0.05943   0.03125    0.0146
    73/499     12.1G   0.06118   0.04539   0.01514    0.1217       374       640    0.1736    0.6757    0.3608    0.1779   0.05527   0.03135   0.01461
    74/499     12.1G    0.0658   0.04527   0.01711    0.1282       310       640    0.1567    0.7257    0.3296    0.1139   0.05688   0.03145   0.01459
    75/499     12.1G   0.06071   0.04273   0.01833    0.1218       295       640    0.1568    0.6866    0.3285   0.09718   0.05719   0.03172   0.01463
    76/499     12.1G   0.06203   0.04754   0.01652    0.1261       510       640    0.1805    0.6863    0.3508    0.1404   0.05005   0.03236   0.01461
    77/499     12.1G   0.05742   0.04917   0.01635    0.1229       399       640    0.1635    0.7482    0.3711    0.1551   0.04992   0.03168   0.01454
    78/499     12.1G   0.06181   0.04542   0.01706    0.1243       393       640    0.1146    0.7327     0.268   0.07349   0.06116   0.03087   0.01453
    79/499     12.1G   0.06444    0.0465   0.01703     0.128       403       640    0.1812    0.6827    0.3193    0.1365   0.05266   0.03168    0.0146
    80/499     12.1G   0.05432   0.05022   0.01921    0.1238       407       640    0.1762    0.7757    0.4313    0.1679   0.05011   0.03218   0.01464
    81/499     12.1G   0.05887   0.04723   0.01684    0.1229       367       640    0.1651    0.7542    0.3315    0.1249   0.04965    0.0316   0.01468
    82/499     12.1G   0.05942     0.055   0.01672    0.1311       457       640    0.1332    0.7757     0.383    0.2001   0.05095   0.03129   0.01462
    83/499     12.1G   0.06088   0.05273   0.01524    0.1289       477       640    0.1318    0.7542    0.3671    0.1262   0.05441   0.03086   0.01458
    84/499     12.1G   0.06057   0.04689   0.01718    0.1246       369       640    0.1621    0.6792    0.3127    0.1322   0.05079   0.03099   0.01468
    85/499     12.1G   0.06027   0.05182   0.01566    0.1277       542       640    0.1189    0.6972    0.2961    0.1104   0.05883   0.03016   0.01456
    86/499     12.1G   0.05793   0.04333   0.01759    0.1189       362       640    0.2388    0.6792    0.3949    0.1687   0.04421    0.0315   0.01463
    87/499     12.1G   0.04966   0.04479   0.01537    0.1098       378       640    0.1507    0.7152    0.3482    0.1259   0.04733   0.03113   0.01443
    88/499     12.1G   0.05798   0.04954   0.01766    0.1252       397       640    0.1452    0.7257    0.3167    0.1346   0.05519   0.03079   0.01446
    89/499     12.1G   0.06136   0.04142   0.01731    0.1201       316       640    0.1291    0.6222    0.3033    0.1136   0.05596   0.03015   0.01469
    90/499     12.1G   0.05778   0.04262   0.01741    0.1178       376       640     0.209     0.669    0.3934    0.1683   0.05365   0.03047   0.01463
    91/499     12.1G   0.05715   0.03946   0.01776    0.1144       348       640    0.2098    0.7007    0.4123    0.1905   0.04994   0.03057   0.01462
    92/499     12.1G   0.05463   0.04293   0.01859    0.1161       358       640    0.1599    0.7509    0.3453    0.1779   0.05065   0.03026   0.01466
    93/499     12.1G   0.05268   0.04859   0.01548    0.1168       441       640    0.1777    0.7792     0.387    0.1835   0.04847   0.03053   0.01455
    94/499     12.1G   0.06166   0.04312   0.01714    0.1219       355       640    0.1527    0.6792    0.2772    0.1131   0.05158   0.03045   0.01464
    95/499     12.1G   0.05462    0.0463     0.017    0.1179       406       640    0.1566    0.7757    0.3808    0.1629   0.04952   0.03015   0.01464
    96/499     12.1G   0.05734   0.05377   0.01486     0.126       446       640    0.1918    0.8468    0.4297    0.2261   0.04439   0.03119   0.01452
    97/499     12.1G   0.05598   0.04305   0.01865    0.1177       350       640     0.122    0.7757    0.2165   0.07545   0.05751    0.0302   0.01466
    98/499     12.1G   0.05717    0.0407   0.01591    0.1138       302       640     0.241    0.6792    0.4448    0.2034   0.04579   0.03095   0.01463
    99/499     12.1G   0.05629   0.05182   0.01565    0.1238       413       640     0.142    0.8257    0.3857    0.1702   0.05008   0.03056   0.01454
   100/499     12.1G   0.05621   0.04142   0.01946    0.1171       313       640    0.1521    0.7257    0.2921    0.1333   0.05487   0.03032   0.01465
   101/499     12.1G    0.0545   0.04245   0.01716    0.1141       437       640    0.1756    0.7542    0.2707     0.141   0.05075   0.02993    0.0147
   102/499     12.1G   0.05079   0.04316   0.01625    0.1102       343       640    0.1905    0.8077    0.4178    0.1799   0.04756   0.02997   0.01461
   103/499     12.1G   0.05085   0.04161    0.0163    0.1088       344       640    0.2352    0.7722    0.4257    0.2043   0.04501   0.02959   0.01464
   104/499     12.1G   0.06054   0.04399   0.01681    0.1213       374       640    0.1809    0.7757    0.3266    0.1303   0.04967   0.03022   0.01475
   105/499     12.1G   0.05341   0.04278    0.0173    0.1135       391       640    0.1849    0.7577    0.4144    0.1993   0.04977   0.02982   0.01466
   106/499     12.1G     0.056   0.04445   0.01589    0.1163       409       640    0.1792    0.7498    0.3892    0.1755   0.04773   0.02945   0.01468
   107/499     12.1G   0.05552   0.04122     0.015    0.1117       401       640    0.1887    0.7542     0.355    0.1642   0.04628   0.02968   0.01459
   108/499     12.1G   0.05012   0.03981   0.01855    0.1085       247       640     0.208     0.785    0.4224    0.1842   0.04615   0.02987   0.01451
   109/499     12.1G   0.05093    0.0392   0.01497    0.1051       381       640    0.2226    0.7792    0.4076    0.2115   0.04489   0.02937   0.01455
   110/499     12.1G   0.05631   0.04725   0.01975    0.1233       352       640     0.223    0.8327    0.4447     0.241   0.04335   0.02922   0.01457
   111/499     12.1G    0.0489   0.04064    0.0168    0.1063       340       640    0.2173    0.7757    0.3979    0.2053   0.04791    0.0297   0.01466
   112/499     12.1G   0.05445   0.04785   0.01798    0.1203       356       640    0.1989    0.8042    0.4363    0.1997   0.04634   0.02949    0.0147
   113/499     12.1G   0.05527   0.05506   0.01651    0.1268       449       640    0.1959    0.8007    0.4447    0.2476   0.04554    0.0297   0.01467
   114/499     12.1G   0.05523   0.04631   0.01661    0.1182       423       640    0.1671    0.7757    0.3284    0.1628   0.05179   0.02927   0.01477
   115/499     12.1G   0.04986     0.045   0.01577    0.1106       441       640    0.2058    0.7972    0.3719    0.1794   0.04521   0.02957    0.0147
   116/499     12.1G   0.05139   0.04455   0.01565    0.1116       425       640    0.2403    0.7687    0.4088    0.2158   0.04423   0.02894   0.01462
   117/499     12.1G   0.04604   0.04387   0.01839    0.1083       319       640    0.2582    0.7722    0.4356    0.2103   0.04312   0.02941   0.01461
   118/499     12.1G   0.05494   0.04242   0.01566     0.113       300       640    0.1929    0.7292    0.3937    0.2061   0.04599    0.0292   0.01475
   119/499     12.1G   0.05321   0.04452    0.0153     0.113       389       640    0.2456    0.7222    0.4517     0.208   0.04908   0.02902   0.01471
   120/499     12.1G   0.05387   0.04202   0.01556    0.1114       327       640    0.2071    0.7507    0.3904    0.1722   0.04699   0.02899   0.01471
   121/499     12.1G   0.04578   0.04532   0.01726    0.1084       394       640    0.2288    0.7827    0.3945    0.1911   0.04381   0.02993   0.01465
   122/499     12.1G   0.04874   0.03986   0.01891    0.1075       382       640    0.2185    0.7401     0.371    0.1845   0.04742   0.02887    0.0148
   123/499     12.1G   0.05692   0.04009   0.01585    0.1129       385       640    0.2122    0.7401    0.4159    0.2065   0.04718   0.02913   0.01486
   124/499     12.1G   0.05444   0.04378   0.01621    0.1144       382       640    0.2417    0.7407    0.4546    0.2456   0.04303   0.02888   0.01489
   125/499     12.1G   0.04748   0.04428   0.01545    0.1072       412       640    0.2706    0.7863    0.4742    0.2429   0.04105   0.02929    0.0148
   126/499     12.1G   0.04325   0.04046   0.01782    0.1015       336       640    0.2951    0.7401    0.4515    0.2398   0.04226   0.02888    0.0148
   127/499     12.1G   0.04519   0.04748   0.01686    0.1095       448       640    0.2287    0.8468    0.4352    0.2434   0.04322   0.02974   0.01469
   128/499     12.1G   0.05097   0.04141   0.01602    0.1084       341       640    0.2212    0.7401    0.4072    0.2091   0.04859   0.02877   0.01483
   129/499     12.1G   0.05131   0.03908   0.01583    0.1062       339       640    0.2455    0.7472    0.4421    0.2304   0.04447   0.02891   0.01482
   130/499     12.1G   0.05157   0.04135   0.01741    0.1103       351       640     0.229    0.7972    0.4363    0.1966   0.04444   0.02873   0.01481
   131/499     12.1G   0.04744   0.04155   0.01629    0.1053       401       640    0.3171    0.7651    0.4739    0.2729     0.041   0.02859   0.01491
   132/499     12.1G   0.04882   0.04067   0.01778    0.1073       287       640     0.306    0.7722    0.4719    0.2486   0.04129   0.02909   0.01489
   133/499     12.1G   0.04837   0.04009   0.01567    0.1041       298       640    0.2802    0.7366    0.4635    0.2377   0.04346   0.02905   0.01487
   134/499     12.1G    0.0441   0.04254   0.01737     0.104       389       640     0.301    0.7366    0.4669    0.2409   0.04277   0.02831   0.01493
   135/499     12.1G   0.04988   0.04328   0.01801    0.1112       370       640    0.2343    0.7472    0.4268    0.2343   0.04204   0.02818   0.01503
   136/499     12.1G   0.05157   0.04258   0.01567    0.1098       411       640    0.2771    0.7366    0.4395    0.2209   0.04481   0.02865    0.0151
   137/499     12.1G   0.04772   0.04054   0.01481    0.1031       475       640    0.2482    0.7651    0.4275    0.2483   0.04287   0.02869    0.0149
   138/499     12.1G   0.04256   0.03613   0.01505   0.09374       333       640    0.2383    0.7472    0.4449    0.2421   0.04622   0.02882   0.01485
   139/499     12.1G   0.04656   0.04454   0.01502    0.1061       442       640     0.231    0.7542    0.4592    0.2585   0.04165   0.02913   0.01477
   140/499     12.1G   0.04802   0.04503   0.01554    0.1086       460       640    0.3066    0.7437     0.474    0.2576    0.0433    0.0283   0.01477
   141/499     12.1G   0.04874   0.04046   0.01459    0.1038       381       640    0.2886    0.7542    0.4728    0.2576   0.04113   0.02835   0.01472
   142/499     12.1G   0.04824   0.04622   0.01532    0.1098       534       640    0.2838    0.7792    0.4767    0.2627   0.04195   0.02869   0.01469
   143/499     12.1G   0.04188   0.04064   0.01657   0.09909       345       640    0.3168    0.7401    0.4766    0.2579   0.03947   0.02815   0.01467
   144/499     12.1G   0.04418    0.0429    0.0166    0.1037       506       640    0.2606    0.7401    0.4379    0.2394   0.03988    0.0284   0.01463
   145/499     12.1G   0.05003   0.03854   0.01498    0.1035       294       640    0.2573    0.7577    0.4283    0.1811   0.04259   0.02892   0.01467
   146/499     12.1G   0.04684   0.04243   0.01699    0.1063       410       640    0.3159    0.7507    0.4866    0.2637   0.03914   0.02868   0.01468
   147/499     12.1G   0.04948   0.04171   0.01628    0.1075       333       640    0.3141    0.7584    0.4706    0.2678   0.03901   0.02809   0.01474
   148/499     12.1G    0.0436   0.04092   0.01595    0.1005       511       640    0.2993    0.7627    0.4842    0.2574   0.04054   0.02835   0.01478
   149/499     12.1G   0.05076   0.04631   0.01417    0.1113       438       640    0.2541    0.8077     0.462    0.2648   0.04128   0.02827   0.01467
   150/499     12.1G   0.04705   0.03294    0.0146   0.09459       289       640    0.2518    0.7151    0.4153    0.2179   0.04643   0.02903   0.01484
   151/499     12.1G   0.04675    0.0449   0.01489    0.1065       401       640    0.2607    0.7757    0.4771    0.2562   0.04086   0.02907   0.01455
   152/499     12.1G   0.04541   0.04309   0.01545    0.1039       444       640    0.2862    0.7863    0.4825    0.2455    0.0396    0.0289   0.01456
   153/499     12.1G   0.04297   0.04322   0.01475    0.1009       281       640    0.2613    0.7792    0.4775    0.2533   0.04007   0.02885   0.01448
   154/499     12.1G   0.04571   0.04707   0.01701    0.1098       446       640    0.3013    0.7751    0.4709    0.2557   0.03993   0.02876   0.01465
   155/499     12.1G   0.04694   0.04466   0.01512    0.1067       396       640    0.3139    0.7542    0.4808    0.2592   0.04071   0.02879    0.0147
   156/499     12.1G    0.0484   0.04278    0.0149    0.1061       461       640    0.2697    0.7437    0.4572     0.245   0.04469   0.02888   0.01471
   157/499     12.1G   0.04898    0.0371   0.01613    0.1022       274       640    0.3078    0.7577    0.4951    0.2514   0.04053   0.02927   0.01473
   158/499     12.1G   0.04196   0.04011   0.01486   0.09693       324       640    0.3587    0.7757     0.496    0.2825   0.03878    0.0286   0.01484
   159/499     12.1G   0.04434   0.04123   0.01593    0.1015       297       640    0.3411    0.7616    0.4853    0.2663    0.0385   0.02881   0.01484
   160/499     12.1G   0.04085   0.03468   0.01491   0.09043       244       640    0.3611    0.7472    0.4866     0.272   0.03777   0.02875   0.01493
   161/499     12.1G   0.04575   0.04766   0.01462     0.108       506       640    0.3472    0.7508    0.4894    0.2742    0.0388   0.02879   0.01482
   162/499     12.1G   0.04426   0.04391   0.01452    0.1027       478       640    0.3244    0.7722    0.4871    0.2782    0.0394   0.02869   0.01472
   163/499     12.1G     0.043   0.03732   0.01367   0.09399       325       640    0.3284    0.7331    0.4708    0.2608   0.04189   0.02883   0.01479
   164/499     12.1G   0.05006   0.04538   0.01536    0.1108       407       640    0.2779    0.7722    0.4673    0.2479   0.04287   0.02934   0.01471
   165/499     12.1G   0.04731   0.03427   0.01387   0.09545       328       640    0.2828    0.7296    0.4507    0.2407   0.04487   0.02976   0.01479
   166/499     12.1G   0.04614   0.04348   0.01299    0.1026       404       640    0.3274    0.7546    0.5033    0.2656   0.04028    0.0295   0.01453
   167/499     12.1G   0.04562    0.0498   0.01456      0.11       499       640    0.3143    0.7651    0.4924     0.281   0.03866   0.02833   0.01436
   168/499     12.1G   0.04041   0.03937   0.01562    0.0954       376       640    0.2464    0.7687    0.4381    0.2432   0.04259   0.02827    0.0144
   169/499     12.1G   0.04559   0.03306    0.0155   0.09416       312       640    0.3051    0.7331    0.3915    0.2072   0.04203   0.02894   0.01459
   170/499     12.1G   0.04365   0.04036   0.01414   0.09815       432       640    0.3268    0.7651    0.4801    0.2765    0.0395   0.02862   0.01469
   171/499     12.1G   0.04782   0.03722   0.01607    0.1011       344       640    0.3898    0.7401    0.4896    0.2827   0.03848   0.02962   0.01512
   172/499     12.1G   0.03992   0.03979   0.01365   0.09337       322       640    0.2905    0.7577    0.4969    0.2694   0.03868   0.02847   0.01433
   173/499     12.1G   0.04743   0.04641   0.01463    0.1085       425       640    0.3196    0.7472    0.4919    0.2678   0.04224   0.02809   0.01429
   174/499     12.1G   0.04669   0.03837   0.01434    0.0994       380       640    0.2784    0.7472    0.4554    0.2418   0.04348   0.02862   0.01434
   175/499     12.1G   0.04344   0.04219   0.01405   0.09968       409       640    0.3655    0.8077    0.5173    0.2931   0.03792   0.02855   0.01427
   176/499     12.1G   0.04352   0.04139   0.01386   0.09877       397       640    0.3761    0.7901    0.5038    0.2837   0.03904   0.02803    0.0144
   177/499     12.1G   0.04213   0.04043   0.01359   0.09616       394       640    0.3798    0.8007    0.5118     0.294   0.03775   0.02833   0.01423
   178/499     12.1G   0.03681    0.0394   0.01395   0.09016       476       640    0.3542    0.7757    0.5143    0.2971   0.03802   0.02787   0.01436
   179/499     12.1G   0.04361   0.03976   0.01392    0.0973       350       640    0.3375    0.7401    0.5088    0.2774   0.04106   0.02779   0.01453
   180/499     12.1G   0.04315   0.03844   0.01225   0.09385       417       640     0.351    0.7687    0.5055    0.2755   0.04121   0.02796   0.01445
   181/499     12.1G   0.04701   0.03881   0.01375   0.09957       352       640    0.3676    0.7901    0.4978    0.2913   0.04107   0.02831   0.01463
   182/499     12.1G   0.04007   0.04257    0.0134   0.09604       510       640    0.3512    0.8222    0.5077    0.2954   0.03882   0.02801   0.01415
   183/499     12.1G   0.04257   0.03797   0.01235   0.09288       370       640    0.3022    0.7684    0.4525    0.2632   0.04015   0.02813   0.01418
   184/499     12.1G   0.03939   0.03836   0.01383   0.09158       354       640    0.3688    0.8187    0.5036    0.2777   0.03913   0.02792   0.01436
   185/499     12.1G   0.04395   0.03656   0.01309    0.0936       422       640    0.3625    0.8151    0.5251    0.3052   0.03945   0.02888    0.0145
   186/499     12.1G   0.04312   0.03867   0.01303   0.09483       394       640    0.3227    0.8507    0.5266    0.2872   0.04057   0.02778   0.01382
   187/499     12.1G   0.04526   0.03778   0.01263   0.09568       398       640    0.3117    0.8222    0.5135    0.2815   0.04186   0.02821   0.01386
   188/499     12.1G   0.04286   0.03794   0.01275   0.09355       374       640    0.3364    0.8542      0.53    0.3062   0.03774    0.0274   0.01356
   189/499     12.1G   0.04508   0.03999   0.01259   0.09766       336       640    0.3453    0.8507    0.5249    0.2827   0.03952   0.02816   0.01335
   190/499     12.1G   0.04389   0.03801   0.01255   0.09444       238       640    0.3158    0.8577    0.5289     0.274   0.04177   0.02775   0.01348
   191/499     12.1G   0.04522    0.0326   0.01175   0.08957       276       640    0.3598    0.8116     0.561    0.3282   0.03976   0.02946   0.01372
   192/499     12.1G   0.03849   0.03852   0.01075   0.08776       258       640    0.3348    0.8437    0.5278    0.2731   0.04015   0.02797   0.01307
   193/499     12.1G   0.04335    0.0381   0.01277   0.09421       352       640    0.4151    0.8046    0.5419    0.3113   0.03686   0.02869   0.01431
   194/499     12.1G   0.04076   0.03552   0.01126   0.08754       361       640    0.3996    0.8081    0.5529     0.325   0.03905   0.02909   0.01426
   195/499     12.1G   0.04094   0.03392   0.01104    0.0859       334       640    0.3606    0.8011    0.5284     0.291   0.04147   0.03003   0.01433
   196/499     12.1G   0.04153   0.04359   0.01128   0.09639       522       640    0.2862    0.8366    0.4879    0.2791   0.04282    0.0288   0.01383
   197/499     12.1G   0.04253   0.03664   0.01049   0.08966       341       640    0.3861    0.8011    0.5405    0.2917   0.03933   0.02874   0.01447
   198/499     12.1G   0.04069   0.03787   0.01083   0.08939       306       640    0.3945    0.8366    0.5509    0.3214   0.03819   0.02881   0.01393
   199/499     12.1G   0.04187   0.03947   0.01035   0.09169       392       640    0.3535    0.8081    0.5249    0.3165   0.03991   0.02897   0.01384
   200/499     12.1G   0.04486   0.04118   0.01027    0.0963       475       640    0.3594    0.8164    0.5666    0.3425   0.04005   0.02874    0.0139
   201/499     12.1G   0.04077   0.03283  0.009446   0.08304       289       640    0.4086    0.8146    0.5862     0.339   0.03748   0.02934   0.01396
   202/499     12.1G   0.04029    0.0435  0.009631   0.09342       355       640    0.3991    0.8067    0.5614    0.3102   0.03842   0.02879   0.01348
   203/499     12.1G   0.04209     0.033  0.009808   0.08489       344       640    0.4071    0.7905    0.5693    0.3377   0.03868   0.02924   0.01463
   204/499     12.1G   0.03994   0.03597  0.009855   0.08577       332       640    0.3788    0.7975    0.5627    0.3169   0.04007   0.02911   0.01477
   205/499     12.1G   0.04088   0.03148  0.008972   0.08133       293       640    0.4146     0.787    0.5709    0.3269   0.04069   0.02911   0.01489
   206/499     12.1G   0.04644   0.03703  0.008851   0.09232       380       640    0.3618    0.8511    0.5685    0.3033    0.0418   0.02933   0.01464
   207/499     12.1G   0.03948   0.03392  0.009311   0.08272       340       640    0.3962    0.8546    0.6002    0.3367   0.03816   0.02841   0.01425
   208/499     12.1G   0.03734   0.03439  0.008058   0.07979       323       640    0.4128    0.8546    0.6059     0.351   0.03753   0.02882   0.01381
   209/499     12.1G   0.04016   0.03505   0.00898   0.08418       374       640     0.422    0.8331    0.5936    0.3427   0.03741   0.02833   0.01439
   210/499     12.1G   0.03693   0.04167  0.008941   0.08754       412       640    0.3634    0.8472    0.5752    0.3409   0.03876   0.02881   0.01369
   211/499     12.1G   0.04323   0.04082  0.008485   0.09254       475       640    0.3412    0.8366    0.5406    0.3243    0.0397   0.02846   0.01376
   212/499     12.1G   0.03815   0.03576  0.007269   0.08119       381       640    0.3716    0.8261    0.5866    0.3505   0.03857   0.02848   0.01348
   213/499     12.1G   0.04206   0.04603  0.007986   0.09607       642       640     0.285    0.8331    0.5536    0.3321    0.0416   0.02826   0.01401
   214/499     12.1G    0.0425   0.03354  0.007341   0.08338       366       640    0.4379    0.8296    0.6055    0.3344   0.03914   0.02934   0.01467
   215/499     12.1G   0.03986   0.04184  0.007231   0.08893       471       640    0.4114    0.8225    0.5994    0.3539    0.0382   0.02875   0.01382
   216/499     12.1G   0.03975   0.03595  0.007132   0.08283       318       640    0.4501    0.8261    0.5955     0.352    0.0369   0.02869   0.01436
   217/499     12.1G    0.0382    0.0351  0.007454   0.08075       417       640    0.3209     0.819    0.5454    0.3445   0.03983   0.02862   0.01493
   218/499     12.1G   0.03922   0.03708  0.007112   0.08342       400       640    0.4264    0.8581    0.6177    0.3767   0.03678    0.0287   0.01438
   219/499     12.1G   0.03943   0.03963  0.006119   0.08518       369       640    0.4133    0.8475    0.6186    0.3843   0.03854    0.0283   0.01416
   220/499     12.1G   0.04049   0.03823  0.006875   0.08559       369       640    0.4537    0.8511     0.631    0.3853   0.03713   0.02891   0.01482
   221/499     12.1G     0.037   0.03093  0.006191   0.07413       270       640    0.4171     0.812    0.5947    0.3445   0.03973   0.02981   0.01493
   222/499     12.1G   0.03745   0.03436  0.006491    0.0783       358       640    0.4398     0.844    0.5969    0.3584   0.03937   0.02844   0.01409
   223/499     12.1G   0.04586   0.03608  0.007084   0.08903       368       640    0.4498    0.8796    0.5894    0.3538   0.03772   0.02883   0.01521
   224/499     12.1G   0.04114   0.03227  0.006429   0.07984       275       640    0.4488    0.8546    0.5851    0.3395   0.03785   0.02898   0.01428
   225/499     12.1G   0.04641   0.03783  0.005897   0.09013       365       640    0.3134    0.8597    0.5198    0.3039   0.04138   0.02835   0.01494
   226/499     12.1G   0.04243   0.03738   0.00602   0.08584       432       640    0.3304    0.8616    0.5953    0.3766   0.03807   0.02857   0.01439
   227/499     12.1G   0.04219   0.04264  0.005744   0.09057       497       640    0.3968    0.8437    0.6266    0.3865   0.03675   0.02826   0.01434
   228/499     12.1G    0.0406   0.03598  0.006159   0.08274       417       640    0.4174     0.844     0.584    0.3483   0.03956   0.02918   0.01597
   229/499     12.1G   0.04142   0.03894  0.006519   0.08688       483       640    0.4139    0.8331    0.6019    0.3796   0.03538   0.02838   0.01493
   230/499     12.1G   0.04186    0.0369  0.006328   0.08509       390       640    0.4279    0.8081    0.6154     0.357   0.03823   0.02901    0.0151
   231/499     12.1G    0.0452    0.0384  0.005848   0.08944       285       640     0.403    0.8581    0.6164    0.3666   0.03774   0.02877   0.01568
   232/499     12.1G   0.04307   0.04545   0.00624   0.09475       527       640    0.3904    0.8467    0.6132    0.3525   0.03783   0.02836   0.01456
   233/499     12.1G   0.04124   0.03663  0.005758   0.08362       401       640     0.401    0.7581    0.6139    0.3647   0.03679   0.02873   0.01415
   234/499     12.1G   0.03801   0.03466  0.005741   0.07841       338       640    0.4141    0.8279    0.6011    0.3585      0.04   0.02975   0.01551
   235/499     12.1G   0.03707    0.0342  0.005003   0.07627       350       640    0.4398    0.8046     0.639    0.4022   0.03716   0.02918   0.01429
   236/499     12.1G   0.04414   0.03326  0.005939   0.08334       386       640    0.4379     0.819    0.6074    0.3622   0.03968   0.02983   0.01618
   237/499     12.1G    0.0436   0.03921  0.005915   0.08872       367       640    0.3586    0.8414     0.548    0.3375   0.03922   0.02842     0.015
   238/499     12.1G   0.04083   0.03507  0.005138   0.08104       353       640    0.4188    0.8261    0.5648    0.3393   0.03698    0.0286   0.01519
   239/499     12.1G   0.03874   0.03632  0.005101   0.08015       379       640    0.3891    0.8331    0.5767    0.3286   0.03854   0.02863   0.01595
   240/499     12.1G   0.03833   0.03896  0.005159   0.08245       392       640    0.4188    0.8383    0.6027    0.3655   0.03664   0.02803   0.01672
   241/499     12.1G   0.03577   0.03067  0.004642   0.07108       321       640    0.4308    0.7831     0.619    0.3834   0.03692   0.02885   0.01563
   242/499     12.1G   0.04252    0.0395  0.005235   0.08726       389       640    0.4594    0.8475    0.6152    0.3641   0.03657   0.02942   0.01617
   243/499     12.1G   0.03955   0.03895  0.005273   0.08378       440       640      0.43    0.8511    0.5929    0.3614   0.03739   0.02907   0.01622
   244/499     12.1G   0.03917   0.03358  0.004323   0.07707       396       640    0.4917    0.8264    0.6386    0.4027   0.03679    0.0305    0.0171
   245/499     12.1G   0.03545   0.03901  0.004727   0.07919       417       640    0.4421    0.8475    0.6003    0.3666    0.0351   0.02904   0.01651
   246/499     12.1G   0.04514   0.03965  0.004877   0.08967       385       640    0.4981    0.8264    0.6317    0.3795   0.03733   0.03078   0.01586
   247/499     12.1G   0.04136   0.04867  0.004888   0.09492       628       640    0.3802    0.7796    0.6087    0.3583   0.03877    0.0296   0.01422
   248/499     12.1G   0.03873    0.0374  0.004539   0.08067       358       640    0.4921     0.837    0.6357    0.3808   0.03882   0.02999   0.01582
   249/499     12.1G   0.03844   0.03675  0.004584   0.07978       365       640    0.4774     0.819    0.6434    0.3898    0.0387   0.02954   0.01515
   250/499     12.1G   0.03579   0.03797  0.004492   0.07825       443       640    0.4588    0.8475    0.6553    0.4182   0.03541     0.029   0.01373
   251/499     12.1G   0.03566   0.04194  0.004641   0.08224       610       640    0.4208    0.9046    0.6484    0.3859   0.03703   0.02973   0.01399
   252/499     12.1G   0.03841   0.04096  0.004268   0.08364       424       640    0.4415    0.8225    0.6587     0.426   0.03451   0.02901   0.01302
   253/499     12.1G   0.03557   0.03175  0.003263   0.07058       361       640    0.4388     0.769    0.6329    0.3841   0.03691   0.03075   0.01324
   254/499     12.1G   0.04243   0.03819  0.004354   0.08498       400       640    0.4235    0.8405    0.6112    0.3596   0.03839   0.03013   0.01435
   255/499     12.1G   0.03988   0.03587  0.004441   0.08019       420       640    0.4399    0.8447    0.6425     0.386   0.03685   0.02966   0.01577
   256/499     12.1G   0.03987   0.03991  0.004807   0.08459       495       640    0.4313    0.7905    0.6445    0.3951   0.03495   0.02974   0.01398
   257/499     12.1G   0.03066   0.03605  0.004038   0.07075       379       640    0.4338    0.7905    0.6413    0.4021   0.03523   0.02967   0.01364
   258/499     12.1G   0.03689   0.03331  0.003842   0.07405       370       640     0.491    0.8655    0.6806    0.4086   0.03579    0.0304   0.01525
   259/499     12.1G   0.03722   0.04376  0.004298   0.08527       446       640    0.4111    0.8616    0.6532    0.4009   0.03711   0.02893   0.01613
   260/499     12.1G   0.03589   0.03736  0.004121   0.07737       494       640    0.4146    0.8011    0.6655    0.4143   0.03592   0.02841   0.01589
   261/499     12.1G   0.03509   0.03376  0.003603   0.07246       334       640    0.4064     0.812    0.6303    0.3835   0.03795    0.0292   0.01583
   262/499     12.1G   0.04339    0.0312  0.004096   0.07868       246       640    0.4021    0.8405      0.57    0.3499   0.03763   0.02981   0.01574
   263/499     12.1G   0.03684   0.03399   0.00377    0.0746       370       640    0.4374    0.7975    0.6023    0.3723    0.0352   0.03038   0.01493
   264/499     12.1G   0.03364     0.032   0.00363   0.06927       377       640    0.4516     0.769     0.624    0.3944   0.03491   0.03038   0.01457
   265/499     12.1G   0.03526   0.03484  0.003667   0.07377       345       640    0.4523    0.8011    0.6306    0.3938   0.03517   0.03022    0.0147
   266/499     12.1G   0.03534   0.03264  0.003213    0.0712       314       640    0.4522    0.8271    0.6377    0.3961   0.03589   0.02988   0.01457
   267/499     12.1G   0.04093   0.03619  0.003956   0.08108       490       640    0.4558    0.7725     0.612    0.3372    0.0376   0.03095   0.01461
   268/499     12.1G   0.03296   0.02961  0.003228   0.06579       286       640     0.434    0.7261     0.607    0.3807   0.03578   0.02944   0.01512
   269/499     12.1G    0.0357   0.02955  0.003101   0.06835       252       640    0.4619    0.7225    0.6089    0.3626   0.03596    0.0305   0.01621
   270/499     12.1G   0.03648    0.0357  0.003859   0.07604       318       640    0.4253    0.7331    0.6035    0.3802   0.03623   0.02973   0.01692
   271/499     12.1G    0.0341   0.03039  0.003596   0.06809       321       640    0.4446    0.7475    0.6328    0.3893   0.03512   0.03018     0.016
   272/499     12.1G   0.03556   0.03333  0.003676   0.07257       383       640     0.452    0.8294    0.6397    0.4088   0.03516   0.02977    0.0165
   273/499     12.1G   0.03501    0.0398  0.003914   0.07873       506       640    0.4201    0.7511    0.6254    0.3918     0.035   0.02982   0.01616
   274/499     12.1G   0.03075   0.03376  0.003558   0.06807       400       640    0.4351    0.7796    0.6281    0.3968   0.03469   0.03038   0.01663
   275/499     12.1G   0.03289   0.04256    0.0037   0.07915       461       640    0.4272    0.8072    0.6357    0.3984   0.03455   0.03022   0.01577
   276/499     12.1G   0.03135   0.03057  0.003455   0.06538       273       640    0.4997     0.762    0.6535    0.4045   0.03683   0.03199   0.01445
   277/499     12.1G   0.03943    0.0366  0.003283   0.07931       408       640    0.4811    0.8011    0.6683    0.4206   0.03449   0.03047    0.0146
   278/499     12.1G   0.03254   0.03571  0.003525   0.07178       449       640    0.4828     0.819    0.6635    0.4111   0.03555    0.0314   0.01471
   279/499     12.1G   0.03319   0.02961  0.002946   0.06575       224       640    0.4869     0.769    0.6444     0.397   0.03513   0.03156   0.01477
   280/499     12.1G   0.03726   0.03229   0.00319   0.07274       338       640    0.5219    0.7796    0.6531    0.4032   0.03461   0.03104   0.01415
   281/499     12.1G   0.03334   0.03641  0.002942    0.0727       412       640    0.4847    0.7761    0.6457    0.3936   0.03593   0.03016   0.01377
   282/499     12.1G   0.03939   0.03552  0.002989   0.07789       363       640    0.5085    0.8173    0.6656    0.3995   0.03581   0.03106   0.01348
   283/499     12.1G   0.03346   0.02677  0.003823   0.06406       298       640    0.4917    0.8261    0.6587    0.4053   0.03527   0.03082   0.01415
   284/499     12.1G   0.03581   0.02971  0.003348   0.06887       305       640    0.4534    0.7228    0.5976    0.3566   0.03624   0.03119    0.0146
   285/499     12.1G   0.03556   0.03024  0.003589   0.06938       315       640      0.51     0.737    0.6268    0.3667   0.03681   0.03204   0.01512
   286/499     12.1G   0.03977   0.03638  0.003398   0.07956       450       640    0.4444     0.687    0.6025    0.3538   0.03662    0.0314   0.01565
   287/499     12.1G   0.03555   0.03195  0.003385   0.07089       338       640    0.4482    0.6975    0.6043    0.3672   0.03732   0.03095   0.01566
   288/499     12.1G   0.03424   0.03585  0.003255   0.07335       481       640    0.4516    0.7311    0.6308     0.403   0.03413   0.03057   0.01485
   289/499     12.1G     0.034   0.04238  0.003872   0.08025       547       640    0.4595    0.8155    0.6473    0.4035   0.03412   0.03156   0.01445
   290/499     12.1G   0.03424   0.02927  0.002669   0.06617       341       640    0.5184    0.7475    0.6721    0.4294   0.03508   0.03154   0.01399
   291/499     12.1G   0.03216   0.02981  0.002568   0.06454       312       640    0.4964    0.7475    0.6719      0.41   0.03514   0.03124   0.01398
   292/499     12.1G   0.03213   0.03408  0.002841   0.06906       401       640    0.4867    0.8225    0.6666    0.4087   0.03634   0.03106   0.01371
   293/499     12.1G   0.03443   0.03417  0.002414   0.07102       368       640    0.4998     0.816    0.6782     0.423   0.03453   0.03063   0.01322
   294/499     12.1G   0.03445   0.03472   0.00327   0.07244       474       640    0.4917    0.8147    0.6738    0.4263    0.0345   0.03041   0.01244
   295/499     12.1G   0.03781   0.03863  0.003047   0.07949       431       640    0.4871    0.8261    0.6565    0.3987   0.03733     0.032   0.01291
   296/499     12.1G   0.03728   0.03696  0.003119   0.07736       448       640    0.4826    0.7796    0.6601    0.4227   0.03496   0.03032   0.01369
   297/499     12.1G   0.03239   0.03571  0.002734   0.07083       352       640     0.456    0.7761    0.6578    0.4128   0.03493   0.03205   0.01389
   298/499     12.1G   0.03301   0.03625  0.003225   0.07248       358       640    0.4663    0.7725    0.6825    0.4383   0.03381   0.03018   0.01464
   299/499     12.1G   0.03611   0.03746  0.003341   0.07692       456       640    0.4809    0.8225    0.6858     0.423   0.03583   0.03087   0.01509
   300/499     12.1G   0.03107   0.03455  0.002865   0.06849       355       640      0.48     0.819    0.6791    0.4253   0.03476    0.0306   0.01423
   301/499     12.1G   0.03501   0.03961  0.002893   0.07751       521       640    0.4881    0.7725    0.6876    0.4456   0.03473   0.03113   0.01337
   302/499     12.1G   0.03224   0.03379  0.002653   0.06868       448       640    0.4572     0.769    0.6595    0.3944   0.03743    0.0319   0.01303
   303/499     12.1G   0.03478    0.0311  0.002775   0.06865       318       640    0.5247     0.762    0.6875    0.4199   0.03489   0.03169    0.0125
   304/499     12.1G   0.03737   0.02901  0.003073   0.06945       259       640    0.5257     0.762    0.7011    0.4227   0.03758   0.03296   0.01272
   305/499     12.1G   0.03796    0.0401  0.003119   0.08118       450       640    0.4914    0.8155    0.6838    0.4085   0.03528   0.03186   0.01314
   306/499     12.1G   0.03318   0.03382  0.002935   0.06994       409       640    0.5016    0.7725    0.6626    0.4021   0.03529   0.03194   0.01287
   307/499     12.1G   0.03956   0.03314  0.002583   0.07528       339       640    0.4688    0.7725    0.6648    0.3894   0.03703   0.03241    0.0124
   308/499     12.1G   0.03729   0.03998  0.002802   0.08007       468       640     0.502    0.7546    0.6575    0.4001    0.0357   0.03226   0.01274
   309/499     12.1G   0.03144   0.02998  0.002849   0.06426       277       640    0.4929    0.7108    0.6247    0.3912   0.03538   0.03307   0.01427
   310/499     12.1G   0.03106   0.02988   0.00228   0.06322       344       640    0.5182     0.737    0.6539    0.4014   0.03571   0.03308   0.01531
   311/499     12.1G   0.03379   0.03505  0.002755   0.07159       374       640    0.4769     0.744    0.6352    0.3814   0.03622    0.0322   0.01531
   312/499     12.1G   0.03093    0.0306  0.002765   0.06429       358       640    0.4676    0.7724    0.6736    0.4095   0.03501   0.03128    0.0157
   313/499     12.1G   0.03078    0.0346  0.002704   0.06808       421       640    0.4561    0.8011    0.6721    0.4093    0.0344   0.03106   0.01504
   314/499     12.1G   0.03523    0.0405  0.003125   0.07886       577       640    0.4642    0.7975     0.677    0.4014   0.03576   0.03226   0.01405
   315/499     12.1G   0.03351   0.03181  0.002299   0.06762       373       640    0.4942     0.761    0.6627    0.3947   0.03494   0.03158   0.01342
   316/499     12.1G   0.03205   0.03094  0.002285   0.06528       380       640    0.4975    0.7796    0.6791    0.4081   0.03555   0.03255    0.0126
   317/499     12.1G   0.03761   0.02775  0.002673   0.06803       302       640    0.4989    0.7447     0.662    0.4059     0.037   0.03224   0.01361
   318/499     12.1G   0.03067   0.02821  0.002028   0.06091       241       640    0.5016    0.7405    0.6596    0.3917   0.03589   0.03342   0.01391
   319/499     12.1G   0.03223   0.03251   0.00256   0.06731       358       640    0.5033     0.744    0.6547    0.4042    0.0348   0.03253   0.01403
   320/499     12.1G   0.02741   0.02918  0.002143   0.05874       344       640    0.5102     0.744    0.6577     0.386   0.03523   0.03348   0.01402
   321/499     12.1G   0.03403   0.03402  0.002905   0.07096       376       640    0.5078    0.7975    0.6662    0.4284   0.03454   0.03221   0.01351
   322/499     12.1G   0.02929   0.02987  0.002321   0.06148       364       640    0.4802    0.7225    0.6699    0.4215    0.0346   0.03271   0.01383
   323/499     12.1G   0.03431   0.03568  0.002617    0.0726       424       640     0.491    0.7335    0.6528    0.4155   0.03485   0.03191   0.01549
   324/499     12.1G   0.02773   0.02865  0.002198   0.05858       312       640    0.4661    0.7655    0.6596    0.4053   0.03446   0.03154    0.0165
   325/499     12.1G    0.0274   0.03055  0.002142   0.06009       333       640    0.4735     0.762    0.6444    0.3988   0.03496   0.03213   0.01678
   326/499     12.1G   0.03354   0.03444  0.002533   0.07051       497       640    0.4925     0.762    0.6645    0.3986   0.03565   0.03298   0.01522
   327/499     12.1G   0.03123   0.03086  0.002442   0.06454       335       640    0.4893     0.737    0.6487    0.3912   0.03547   0.03186   0.01551
   328/499     12.1G   0.02779   0.02674  0.002001   0.05653       331       640    0.4812    0.7405    0.6615    0.3945   0.03511   0.03153   0.01525
   329/499     12.1G   0.03813   0.02981  0.002601   0.07054       384       640    0.4697    0.7402    0.6517    0.3819   0.03797   0.03248   0.01503
   330/499     12.1G   0.03203   0.03109  0.002314   0.06544       331       640    0.4662    0.7796    0.6414    0.3864    0.0341   0.03156   0.01407
   331/499     12.1G   0.02673   0.02808  0.002637   0.05745       256       640    0.4891    0.7819    0.6595    0.3966   0.03471   0.03242   0.01449
   332/499     12.1G   0.03184   0.03176  0.002472   0.06606       397       640    0.5016    0.8011    0.6783    0.4248   0.03473   0.03144   0.01335
   333/499     12.1G   0.03466   0.03537  0.002584   0.07262       346       640    0.4702    0.7651    0.6796    0.4216   0.03542   0.03088    0.0128
   334/499     12.1G   0.03536   0.03334  0.002027   0.07072       398       640    0.4879     0.769    0.6646    0.4168   0.03683   0.03141   0.01416
   335/499     12.1G   0.03166   0.02883  0.002261   0.06275       300       640    0.4844     0.762    0.6546    0.4092   0.03479    0.0323    0.0138
   336/499     12.1G   0.03011   0.03318  0.002246   0.06554       349       640    0.4777    0.7405    0.6361    0.3981   0.03435   0.03184   0.01349
   337/499     12.1G    0.0278   0.03042  0.002375   0.06059       347       640     0.476     0.719    0.6219    0.3807   0.03463   0.03206   0.01406
   338/499     12.1G   0.03125   0.03165  0.002445   0.06534       349       640     0.528     0.769     0.629     0.391   0.03502    0.0326   0.01353
   339/499     12.1G   0.02764   0.02667  0.002266   0.05657       316       640    0.5216     0.762     0.635    0.3802   0.03586   0.03277   0.01321
   340/499     12.1G   0.02895   0.03127  0.002343   0.06256       421       640    0.5381    0.7405    0.6563    0.4089   0.03465   0.03264   0.01314
   341/499     12.1G   0.04548   0.04363  0.003191   0.09231       531       640     0.507     0.769    0.6666    0.3897   0.03707   0.03278   0.01262
   342/499     12.1G   0.03566   0.03277  0.002153   0.07058       307       640     0.493     0.812    0.6506    0.3901   0.03629   0.03205   0.01273
   343/499     12.1G   0.03475   0.03518  0.002383   0.07231       389       640    0.5278     0.812     0.681    0.4178   0.03472   0.03198   0.01335
   344/499     12.1G   0.02948   0.03157  0.002649   0.06369       297       640    0.5295    0.7974    0.6848    0.4127   0.03492   0.03229    0.0121
   345/499     12.1G   0.03521   0.03061  0.001955   0.06777       284       640    0.5358    0.8204    0.6895    0.4157    0.0347   0.03195   0.01154
   346/499     12.1G    0.0283   0.02928  0.001931   0.05951       346       640    0.5277    0.7975    0.6878    0.4241    0.0341   0.03169   0.01172
   347/499     12.1G   0.02682   0.02654  0.002301   0.05567       302       640    0.5282     0.794     0.703    0.4396   0.03389   0.03181    0.0121
   348/499     12.1G   0.02807   0.02672  0.002207   0.05699       263       640    0.5432    0.7905    0.7112    0.4449   0.03436   0.03173   0.01312
   349/499     12.1G   0.02485   0.02641  0.001609   0.05286       269       640    0.5106    0.8155    0.7004    0.4355   0.03388   0.03155   0.01406
   350/499     12.1G   0.02813   0.03252   0.00193   0.06257       334       640    0.5037    0.7975     0.711    0.4394   0.03392   0.03171   0.01346
   351/499     12.1G   0.03258   0.03039  0.002024   0.06499       312       640    0.4969    0.8193    0.6772    0.4156   0.03569   0.03226   0.01342
   352/499     12.1G   0.03148   0.03461  0.002631   0.06872       423       640    0.5119    0.8725    0.7046    0.4414   0.03384   0.03084   0.01323
   353/499     12.1G   0.02928   0.03196  0.002542   0.06378       331       640     0.498    0.8725    0.6999    0.4333   0.03444    0.0319   0.01325
   354/499     12.1G   0.03297   0.03802  0.002286   0.07327       520       640    0.5055    0.8296    0.7165     0.437    0.0336   0.03136   0.01222
   355/499     12.1G   0.02983   0.03027   0.00205   0.06215       306       640    0.4998    0.8261    0.7111    0.4291   0.03413   0.03136   0.01234
   356/499     12.1G   0.02729   0.03027  0.001894   0.05945       339       640    0.4955    0.8225     0.718    0.4385   0.03406   0.03134   0.01278
   357/499     12.1G   0.02817   0.02986  0.002167   0.06019       431       640    0.5004    0.8047    0.6989    0.4327   0.03398   0.03221   0.01192
   358/499     12.1G   0.02967   0.03112  0.001767   0.06256       340       640    0.5185    0.7761    0.6853    0.4317   0.03323   0.03202   0.01234
   359/499     12.1G   0.02605   0.03017  0.001766   0.05799       345       640    0.4942    0.8011    0.6729      0.42   0.03357   0.03256   0.01337
   360/499     12.1G    0.0271   0.03126  0.001782   0.06014       415       640    0.4927    0.7796    0.6686    0.4101   0.03345   0.03244   0.01401
   361/499     12.1G   0.02717   0.03092  0.002382   0.06047       368       640       0.5     0.769    0.6751    0.4159   0.03378   0.03259   0.01517
   362/499     12.1G   0.02564   0.02568  0.001881   0.05319       301       640    0.5302     0.787    0.6782    0.4228   0.03392   0.03305   0.01525
   363/499     12.1G   0.02962   0.03489  0.002007   0.06651       493       640    0.5314     0.769    0.6913    0.4284   0.03523   0.03249   0.01389
   364/499     12.1G   0.03653   0.03319  0.002139   0.07186       393       640    0.5094    0.7155    0.6725    0.4217   0.03534   0.03239   0.01415
   365/499     12.1G   0.02881   0.02617  0.001666   0.05665       323       640     0.531    0.7155     0.699    0.4255   0.03593   0.03308   0.01453
   366/499     12.1G   0.02869   0.03003  0.001993   0.06071       320       640    0.4855    0.7975    0.6849    0.4163   0.03387   0.03164    0.0161
   367/499     12.1G   0.02843   0.03414  0.002212   0.06478       418       640    0.4554    0.8011    0.6906    0.4266   0.03401   0.03197   0.01655
   368/499     12.1G   0.02801   0.03314  0.001777   0.06292       430       640    0.4848    0.8011    0.6888    0.4324   0.03327   0.03139   0.01537
   369/499     12.1G   0.02751   0.02782    0.0024   0.05774       379       640    0.4872     0.769    0.6858    0.4194   0.03404   0.03232    0.0149
   370/499     12.1G   0.02818   0.03393  0.002025   0.06413       455       640    0.4899    0.7655    0.6908    0.4244   0.03368   0.03199   0.01406
   371/499     12.1G   0.03238   0.03759  0.002262   0.07224       551       640    0.5044    0.7725     0.695    0.4163   0.03488   0.03176   0.01359
   372/499     12.1G   0.02858   0.03039  0.001878   0.06085       362       640    0.5041    0.7655    0.6853    0.4227   0.03364    0.0319   0.01363
   373/499     12.1G   0.02869    0.0369  0.002208    0.0678       498       640    0.5052    0.7981    0.6998    0.4397   0.03337   0.03227    0.0136
   374/499     12.1G   0.02577   0.02713  0.001691   0.05459       316       640    0.5077    0.7549    0.7108    0.4474    0.0335    0.0324   0.01394
   375/499     12.1G   0.03402   0.02894  0.002165   0.06512       307       640    0.5497    0.7585    0.7193    0.4253   0.03752   0.03479   0.01431
   376/499     12.1G   0.03054   0.02895  0.001766   0.06126       346       640    0.5187    0.7514    0.6895    0.4335    0.0358   0.03318   0.01569
   377/499     12.1G   0.02981   0.03237  0.001945   0.06412       385       640    0.5002    0.7585    0.7023    0.4367   0.03406   0.03307   0.01638
   378/499     12.1G   0.02583   0.02647  0.001931   0.05423       309       640    0.4978     0.762    0.6921    0.4363    0.0335   0.03256   0.01689
   379/499     12.1G   0.02939   0.02933  0.002327   0.06106       436       640    0.5122     0.762    0.6996    0.4277   0.03519   0.03419   0.01512
   380/499     12.1G   0.03008   0.03602   0.00235   0.06845       373       640    0.5094     0.762    0.6959    0.4409   0.03406   0.03265   0.01439
   381/499     12.1G   0.02777   0.03398  0.001531   0.06328       381       640    0.5083     0.762    0.6954    0.4343   0.03402   0.03356   0.01306
   382/499     12.1G   0.02889   0.03328  0.001791   0.06396       441       640    0.5211    0.7905    0.6979    0.4339   0.03403   0.03262   0.01263
   383/499     12.1G   0.02759   0.03265  0.002024   0.06226       422       640     0.519    0.7566    0.6944    0.4302   0.03458   0.03348   0.01231
   384/499     12.1G   0.02935   0.03321  0.002407   0.06497       547       640    0.5474    0.7655    0.6883    0.4255   0.03492   0.03418   0.01246
   385/499     12.1G   0.02785      0.03  0.001753    0.0596       357       640    0.5454     0.762    0.6851    0.4305   0.03571    0.0346   0.01297
   386/499     12.1G   0.02729   0.02968  0.001682   0.05865       341       640    0.5439     0.762    0.6772    0.4283   0.03513   0.03439   0.01353
   387/499     12.1G   0.02778   0.03538  0.002027   0.06518       450       640    0.5409    0.7405    0.6795    0.4213   0.03539   0.03389   0.01409
   388/499     12.1G   0.02821   0.03282  0.001639   0.06267       401       640    0.5475     0.737    0.6689    0.4233   0.03489   0.03408    0.0144
   389/499     12.1G   0.02793   0.02973  0.002019   0.05968       407       640    0.5316     0.762    0.6763     0.429   0.03403   0.03299    0.0146
   390/499     12.1G   0.02838   0.03323  0.002297   0.06391       428       640    0.5269     0.762    0.6814    0.4205   0.03459   0.03339   0.01393
   391/499     12.1G   0.03028   0.03059  0.002107   0.06297       344       640    0.5286     0.787    0.7085    0.4475    0.0342   0.03349   0.01362
   392/499     12.1G   0.02798   0.03133  0.001546   0.06085       425       640    0.5073    0.7655    0.7082    0.4427   0.03421   0.03288   0.01357
   393/499     12.1G   0.03485   0.03842   0.00189   0.07516       538       640    0.5025    0.7905    0.7034     0.427   0.03509   0.03342   0.01415
   394/499     12.1G   0.02952   0.02964  0.001723   0.06089       329       640     0.525     0.787    0.6964    0.4318   0.03437   0.03325   0.01444
   395/499     12.1G   0.02922   0.02802  0.001963    0.0592       443       640    0.5359    0.7905    0.6997    0.4196   0.03535   0.03368   0.01451
   396/499     12.1G   0.02946   0.02798  0.001809   0.05925       310       640    0.5272     0.787    0.6944    0.4415   0.03386   0.03341   0.01443
   397/499     12.1G   0.02587   0.02674  0.001377   0.05398       330       640    0.5398    0.7905    0.6778    0.4312   0.03396   0.03382   0.01399
   398/499     12.1G   0.02478    0.0238  0.001767   0.05035       282       640    0.5451    0.7835    0.6854     0.437   0.03395   0.03349   0.01489
   399/499     12.1G   0.02998   0.03399  0.002299   0.06626       438       640    0.5175    0.7905    0.6684    0.4283   0.03396   0.03321   0.01567
   400/499     12.1G   0.02269   0.02684  0.001779   0.05131       363       640    0.5142    0.8155    0.6786    0.4297   0.03373   0.03303   0.01592
   401/499     12.1G   0.02559   0.03091  0.001681   0.05818       442       640    0.5285    0.8405    0.6898    0.4223   0.03458   0.03334   0.01514
   402/499     12.1G   0.03398   0.03265  0.002364   0.06899       478       640    0.5525     0.837    0.6943    0.4227   0.03431   0.03326   0.01432
   403/499     12.1G   0.02928    0.0332  0.001765   0.06424       424       640    0.5553    0.8655    0.7014    0.4322   0.03463   0.03336   0.01361
   404/499     12.1G   0.03047   0.03036  0.001563    0.0624       407       640    0.5394     0.837     0.712    0.4322   0.03486   0.03332   0.01317
   405/499     12.1G   0.02823   0.03398  0.001804   0.06402       498       640    0.5299     0.837    0.7194    0.4277   0.03567   0.03267   0.01445
   406/499     12.1G   0.03345   0.04035  0.001706   0.07551       508       640    0.4956    0.8004    0.7049    0.4387   0.03427   0.03289   0.01448
   407/499     12.1G   0.02818   0.03111  0.001772   0.06106       385       640    0.5528     0.769    0.6956     0.436   0.03396   0.03312    0.0131
   408/499     12.1G   0.02488    0.0315  0.001878   0.05825       465       640    0.5812     0.762     0.703    0.4368   0.03388    0.0341   0.01248
   409/499     12.1G   0.02581   0.03071  0.001643   0.05817       345       640    0.5907     0.819    0.7134     0.435   0.03398   0.03372   0.01214
   410/499     12.1G   0.02706   0.03157  0.001776   0.06041       423       640    0.6024    0.8405    0.7442    0.4688   0.03434   0.03407   0.01091
   411/499     12.1G   0.02526   0.02792  0.001271   0.05444       412       640    0.6166    0.8324    0.7389    0.4516   0.03528   0.03465   0.01074
   412/499     12.1G   0.02843   0.02619  0.001485    0.0561       331       640    0.5992     0.787    0.7387    0.4647   0.03502    0.0341   0.01137
   413/499     12.1G   0.02404    0.0274  0.001371   0.05281       297       640    0.5589    0.8529    0.7219    0.4628   0.03382   0.03375   0.01236
   414/499     12.1G   0.02451   0.02694  0.001965   0.05342       326       640    0.5703    0.8655    0.7281    0.4576    0.0338   0.03397   0.01275
   415/499     12.1G   0.02696   0.02777  0.001822   0.05655       402       640    0.5716    0.8405    0.7209    0.4562   0.03374   0.03402   0.01217
   416/499     12.1G   0.02453   0.02525  0.001846   0.05163       362       640    0.5626    0.7905    0.7212    0.4541   0.03369   0.03384    0.0124
   417/499     12.1G    0.0267   0.02816   0.00159   0.05645       343       640    0.5689    0.7927    0.7158    0.4572   0.03371   0.03406   0.01288
   418/499     12.1G   0.02589   0.03284  0.001605   0.06034       429       640    0.5511    0.7905    0.7184    0.4458   0.03461   0.03389   0.01276
   419/499     12.1G   0.02586    0.0279  0.001313   0.05507       299       640    0.5452    0.7761    0.7193    0.4526   0.03339   0.03346   0.01229
   420/499     12.1G   0.02582   0.02503  0.001544   0.05239       313       640    0.5584    0.7958     0.738    0.4567   0.03404   0.03384   0.01186
   421/499     12.1G   0.02754   0.02627  0.002248   0.05606       316       640    0.5822    0.7905    0.7532    0.4628   0.03434   0.03493   0.01138
   422/499     12.1G   0.02522   0.02828  0.001492   0.05499       352       640      0.57    0.8155    0.7335    0.4598   0.03401   0.03358   0.01197
   423/499     12.1G   0.02656   0.02966   0.00199   0.05821       469       640    0.5396     0.794    0.7221    0.4305   0.03485   0.03428   0.01318
   424/499     12.1G    0.0271   0.02821  0.001485    0.0568       352       640    0.5441     0.794    0.7105    0.4131   0.03471   0.03348   0.01324
   425/499     12.1G   0.02814   0.03143  0.001803   0.06137       390       640    0.5483     0.794    0.6972    0.4415   0.03368   0.03359   0.01347
   426/499     12.1G   0.02348    0.0279  0.001763   0.05314       343       640    0.5288    0.7725    0.6892     0.443    0.0333   0.03313   0.01297
   427/499     12.1G   0.02526   0.02813   0.00172   0.05512       331       640    0.5111    0.7725    0.6862     0.432   0.03302   0.03266   0.01291
   428/499     12.1G   0.02404    0.0237  0.001765    0.0495       263       640    0.5189     0.787    0.6719    0.4305   0.03374   0.03323   0.01313
   429/499     12.1G   0.03137   0.03062  0.001539   0.06353       384       640    0.5259     0.819    0.7045    0.4359   0.03474   0.03361   0.01288
   430/499     12.1G   0.02487   0.02924  0.001626   0.05574       378       640     0.519    0.8225    0.6922    0.4357   0.03382   0.03312   0.01251
   431/499     12.1G   0.02216    0.0269  0.001397   0.05046       313       640      0.54    0.8225     0.709    0.4375   0.03324   0.03338   0.01249
   432/499     12.1G    0.0244   0.02797  0.002003   0.05437       312       640    0.5457    0.8012    0.7055    0.4439   0.03328   0.03411   0.01298
   433/499     12.1G   0.02545   0.02951  0.001648   0.05661       459       640    0.5608    0.8225    0.7124    0.4358   0.03357   0.03446   0.01283
   434/499     12.1G   0.02425    0.0289  0.001215   0.05436       341       640     0.515    0.8011    0.7248    0.4568   0.03315   0.03295   0.01291
   435/499     12.1G     0.024   0.02893  0.001379   0.05431       371       640    0.5392     0.793    0.7243    0.4431   0.03429   0.03423   0.01308
   436/499     12.1G   0.02502   0.03195   0.00169   0.05866       468       640    0.5747    0.8155    0.7172    0.4377   0.03437   0.03465   0.01341
   437/499     12.1G   0.02878   0.02704  0.001826   0.05765       371       640    0.5728    0.8049    0.6866    0.4221   0.03471   0.03451   0.01384
   438/499     12.1G   0.02607   0.03173  0.001444   0.05924       457       640    0.5491    0.8049    0.6884    0.4307     0.034   0.03363   0.01292
   439/499     12.1G    0.0234   0.02729  0.001179   0.05188       349       640    0.5516    0.8155    0.7064    0.4333   0.03424   0.03424   0.01205
   440/499     12.1G   0.02353   0.02996  0.001828   0.05531       371       640    0.5581     0.837    0.7089    0.4445   0.03329    0.0333   0.01191
   441/499     12.1G   0.02706   0.03444  0.001756   0.06325       376       640    0.5601    0.8475    0.7172    0.4433   0.03376    0.0345   0.01136
   442/499     12.1G   0.02291   0.02659  0.001478   0.05098       290       640     0.571    0.8475     0.711    0.4571   0.03334   0.03376   0.01156
   443/499     12.1G   0.02508   0.02669  0.001725    0.0535       338       640    0.5591    0.8414    0.7257    0.4548   0.03395   0.03435   0.01135
   444/499     12.1G   0.02354   0.02927  0.001317   0.05413       380       640     0.566     0.862    0.7211    0.4526   0.03392    0.0341   0.01165
   445/499     12.1G   0.02322   0.02654  0.001644   0.05141       360       640    0.5524    0.8648    0.7074    0.4416   0.03436   0.03384   0.01183
   446/499     12.1G   0.02409   0.02782  0.001222   0.05314       325       640    0.5396     0.837    0.6837    0.4513   0.03368   0.03335   0.01196
   447/499     12.1G   0.02177   0.02188  0.001596   0.04525       250       640    0.5438    0.8299    0.6738    0.4393   0.03368   0.03458   0.01191
   448/499     12.1G   0.02223   0.02617  0.001134   0.04954       293       640    0.5597    0.8299    0.6798    0.4394   0.03353   0.03415   0.01164
   449/499     12.1G   0.02462   0.03411  0.001592   0.06032       519       640    0.5363     0.837    0.6733    0.4253    0.0338   0.03437   0.01162
   450/499     12.1G   0.02239   0.02842   0.00174   0.05255       313       640    0.5454    0.8475    0.6818    0.4341   0.03297   0.03373   0.01114
   451/499     12.1G    0.0233   0.02727  0.001665   0.05224       348       640    0.5669    0.8405    0.7066    0.4583   0.03319   0.03365   0.01097
   452/499     12.1G   0.02293   0.02316  0.001254   0.04734       257       640    0.5844     0.844    0.7013    0.4453   0.03415   0.03412   0.01198
   453/499     12.1G   0.02698   0.02965  0.001518   0.05814       387       640    0.5681     0.782    0.7146    0.4491    0.0334   0.03368   0.01132
   454/499     12.1G   0.02221   0.02494  0.001634   0.04878       301       640    0.5581    0.7511    0.6998    0.4482   0.03358   0.03346   0.01129
   455/499     12.1G   0.02326   0.02447  0.001106   0.04883       332       640    0.5394    0.7296    0.7079    0.4445   0.03399   0.03407   0.01134
   456/499     12.1G   0.02583   0.03465  0.001518     0.062       455       640    0.5424     0.743    0.7089    0.4485   0.03326   0.03408   0.01133
   457/499     12.1G   0.02453   0.02793  0.001381   0.05384       343       640    0.5314    0.7546    0.6928    0.4249   0.03331   0.03502   0.01158
   458/499     12.1G   0.02445   0.02912  0.001202   0.05477       343       640    0.5326    0.7573     0.685    0.4228   0.03288   0.03411   0.01164
   459/499     12.1G   0.02711   0.03185  0.001252   0.06021       382       640    0.5458    0.7486    0.6834    0.4082   0.03379   0.03419   0.01144
   460/499     12.1G   0.02428   0.02543  0.001348   0.05106       310       640    0.5642    0.7225    0.6945    0.4422   0.03339    0.0341   0.01139
   461/499     12.1G   0.03014   0.02958  0.001391   0.06111       324       640    0.5702    0.7809    0.7026    0.4278   0.03596   0.03495   0.01156
   462/499     12.1G   0.02651   0.02827  0.001497   0.05628       417       640    0.5534    0.8725    0.6927    0.4324   0.03363   0.03359   0.01254
   463/499     12.1G    0.0221    0.0263   0.00127   0.04967       294       640    0.5422    0.8725    0.6754    0.4339   0.03388   0.03401   0.01312
   464/499     12.1G    0.0233   0.02376  0.001595   0.04865       329       640    0.5462     0.869    0.6926    0.4363   0.03393   0.03403   0.01372
   465/499     12.1G   0.02303   0.02723  0.001453   0.05172       350       640    0.5517    0.8511    0.6821    0.4311   0.03349   0.03413   0.01332
   466/499     12.1G   0.02417   0.03073   0.00165   0.05654       324       640    0.5585    0.8761    0.6844    0.4259   0.03355   0.03404   0.01225
   467/499     12.1G   0.02851   0.03175  0.001816   0.06208       420       640    0.5528    0.8405    0.7101    0.4335   0.03324    0.0342   0.01172
   468/499     12.1G   0.02164   0.02727  0.001745   0.05065       325       640     0.545    0.8428    0.7149    0.4474   0.03311    0.0342    0.0116
   469/499     12.1G   0.02267   0.02595  0.001409   0.05003       336       640    0.5569    0.8731    0.7073    0.4466   0.03334   0.03449    0.0119
   470/499     12.1G   0.02187   0.02821  0.001249   0.05133       400       640      0.54    0.8509    0.7258    0.4509   0.03398   0.03448   0.01138
   471/499     12.1G    0.0252   0.02722  0.001662   0.05409       387       640    0.5428    0.8487    0.7357    0.4501   0.03409   0.03462   0.01119
   472/499     12.1G   0.02827   0.02972  0.001954   0.05994       422       640    0.5301     0.844    0.7541    0.4692   0.03346   0.03394   0.01137
   473/499     12.1G   0.02274   0.02203  0.001451   0.04622       270       640     0.538    0.8452    0.7384    0.4642   0.03365    0.0336   0.01082
   474/499     12.1G   0.02448   0.02669  0.001926   0.05309       383       640    0.5192     0.862    0.7364    0.4614   0.03398   0.03337   0.01154
   475/499     12.1G   0.02061   0.02205  0.001261   0.04392       271       640    0.5516    0.8405    0.7387    0.4682   0.03387   0.03384   0.01139
   476/499     12.1G   0.02401   0.02764  0.001556    0.0532       338       640    0.5667     0.844    0.7504    0.4705   0.03411    0.0342   0.01156
   477/499     12.1G   0.02375   0.02967  0.001263   0.05468       326       640    0.5743    0.8405    0.7538    0.4626   0.03384   0.03457   0.01161
   478/499     12.1G   0.02408   0.02648  0.001403   0.05196       399       640    0.5958    0.8405     0.765    0.4722   0.03361    0.0341   0.01053
   479/499     12.1G   0.02742   0.02929  0.001392    0.0581       355       640    0.5682     0.812    0.7221    0.4597   0.03393   0.03319  0.009771
   480/499     12.1G   0.02152    0.0279  0.001156   0.05057       396       640    0.5944     0.837    0.7699    0.4771   0.03386   0.03437  0.008974
   481/499     12.1G   0.02509   0.02635  0.001159    0.0526       311       640    0.6352     0.837    0.7716    0.4703   0.03386   0.03526  0.008266
   482/499     12.1G   0.02563   0.02809  0.001236   0.05496       358       640    0.6451     0.837    0.7826    0.4787   0.03335   0.03455  0.008017
   483/499     12.1G   0.02358   0.02591  0.001393   0.05089       357       640    0.6408    0.8391    0.7897    0.4758   0.03383   0.03538  0.007739
   484/499     12.1G   0.02388   0.02404  0.001254   0.04917       346       640    0.6376    0.8049    0.7907    0.4748   0.03374   0.03499   0.00764
   485/499     12.1G   0.02576    0.0328  0.001586   0.06014       496       640     0.601    0.8628    0.7925    0.4855   0.03425   0.03419  0.008136
   486/499     12.1G    0.0221   0.02897  0.001381   0.05245       342       640    0.5978     0.813    0.7442    0.4707    0.0336   0.03494  0.007886
   487/499     12.1G   0.02103   0.02579  0.001056   0.04788       351       640    0.6031     0.844    0.7654      0.47   0.03358   0.03465  0.007855
   488/499     12.1G    0.0239   0.02541  0.001797    0.0511       309       640    0.5784    0.8198    0.7345    0.4633   0.03431   0.03463  0.007743
   489/499     12.1G   0.02201   0.02539  0.001332   0.04874       357       640     0.569     0.844     0.765    0.4765    0.0334   0.03401  0.008042
   490/499     12.1G   0.02244   0.02587  0.001439   0.04975       288       640    0.5812     0.837    0.7509    0.4569   0.03399   0.03524  0.008236
   491/499     12.1G   0.02708   0.03185  0.001767    0.0607       561       640    0.5832    0.8456    0.7599    0.4615   0.03461   0.03449  0.008834
   492/499     12.1G   0.02318   0.02541  0.001551   0.05015       377       640    0.6008     0.844    0.7624    0.4649    0.0348   0.03485  0.008366
   493/499     12.1G   0.02143    0.0257  0.001241   0.04837       322       640     0.592     0.844    0.7751     0.476   0.03402   0.03406  0.008153
   494/499     12.1G   0.02055   0.02094  0.001394   0.04288       249       640    0.5838    0.8475    0.7783    0.4803    0.0339   0.03484  0.007679
   495/499     12.1G   0.02301   0.03035  0.001551   0.05491       445       640    0.5666    0.8511    0.7703     0.463   0.03427   0.03442   0.00793
   496/499     12.1G   0.02702   0.02773  0.001286   0.05603       315       640     0.568    0.8655    0.7494    0.4729   0.03407   0.03377  0.009077
   497/499     12.1G    0.0232   0.02591  0.001427   0.05053       344       640     0.602     0.869    0.7636    0.4742   0.03396    0.0347  0.008878
   498/499     12.1G   0.02269   0.02565  0.001451   0.04979       326       640     0.616    0.7842    0.7564    0.4754   0.03366   0.03468  0.008345
   499/499     12.1G   0.02369   0.02931  0.001546   0.05455       528       640    0.6392    0.8046    0.7626     0.465   0.03356   0.03517  0.008327
