     0/499     7.15G   0.01906   0.02395  0.001303    0.0443       337       640     0.644    0.8046    0.7609    0.4642   0.03412   0.03526  0.008324
     1/499     12.1G   0.02095   0.02622  0.001856   0.04902       400       640    0.6315    0.8011    0.7583     0.457   0.03376    0.0351  0.008248
     2/499     12.1G   0.02342   0.02676  0.001569   0.05175       336       640     0.639    0.8011    0.7601    0.4689   0.03394   0.03522   0.00822
     3/499     12.1G   0.02633   0.03117  0.001906   0.05941       416       640    0.6227    0.8011    0.7593    0.4507   0.03466   0.03518  0.008082
     4/499     12.1G   0.02611   0.03117  0.001388   0.05867       441       640    0.6387    0.8261    0.7653    0.4687   0.03474   0.03535  0.008003
     5/499     12.1G   0.02535   0.02458  0.001366    0.0513       296       640    0.6321    0.8261    0.7642    0.4582   0.03475    0.0353  0.007858
     6/499     12.1G   0.02678   0.03265   0.00142   0.06085       638       640    0.6306    0.8225    0.7643    0.4607   0.03538   0.03561  0.007841
     7/499     12.1G   0.02609   0.03032  0.001275   0.05769       438       640    0.6376    0.8225    0.7658    0.4638   0.03443   0.03539  0.007793
     8/499     12.1G   0.02464   0.02821  0.001396   0.05424       403       640    0.6448    0.8486    0.7726    0.4587   0.03544   0.03537  0.007753
     9/499     12.1G   0.02763   0.02823   0.00146   0.05732       324       640    0.6452    0.8475    0.7722    0.4712   0.03457   0.03519  0.007715
    10/499     12.1G   0.02406   0.02594  0.001098    0.0511       333       640    0.6449    0.8475    0.7729    0.4682   0.03514   0.03546  0.007711
    11/499     12.1G   0.02423   0.02424  0.001427    0.0499       308       640    0.6436    0.8475    0.7773    0.4719   0.03503   0.03546  0.007697
    12/499     12.1G   0.02367   0.02295  0.001244   0.04786       275       640    0.6476    0.8475     0.781    0.4777    0.0352   0.03576  0.007785
    13/499     12.1G   0.02531   0.02397  0.001189   0.05047       343       640    0.6406    0.8475      0.78     0.472   0.03514    0.0355  0.007838
    14/499     12.1G   0.02659   0.03305  0.001511   0.06115       450       640    0.6373    0.8475     0.776    0.4749   0.03379   0.03528  0.007981
    15/499     12.1G   0.02407   0.03211   0.00141   0.05759       418       640    0.6321    0.8457    0.7656    0.4606   0.03538   0.03531  0.007846
    16/499     12.1G   0.02669    0.0308  0.001672   0.05915       386       640    0.6321     0.847    0.7608    0.4539   0.03438   0.03536   0.00784
    17/499     12.1G   0.02327   0.02511  0.001143   0.04952       312       640    0.6103    0.8475    0.7616    0.4646   0.03463   0.03511  0.007963
    18/499     12.1G   0.02246   0.02939  0.001261   0.05311       557       640    0.6191    0.8475    0.7499    0.4471   0.03459   0.03511  0.008059
    19/499     12.1G   0.02343   0.02332  0.001332   0.04808       315       640    0.6102    0.8511    0.7482    0.4572   0.03345   0.03466  0.008201
    20/499     12.1G    0.0243   0.02878  0.001313   0.05439       367       640     0.614    0.8519    0.7525    0.4564   0.03408   0.03473  0.008305
    21/499     12.1G   0.02478   0.02761  0.001172   0.05356       351       640    0.6185    0.8225    0.7476    0.4561   0.03425   0.03495  0.008342
    22/499     12.1G   0.02769    0.0289  0.001093   0.05769       371       640    0.6318    0.8261    0.7538    0.4531   0.03684   0.03532    0.0084
    23/499     12.1G   0.02595    0.0247  0.001139   0.05179       249       640    0.6335    0.8225    0.7658    0.4649   0.03422   0.03544  0.008013
    24/499     12.1G   0.02619    0.0301  0.001378   0.05767       399       640    0.6368    0.8225    0.7632    0.4687   0.03441    0.0352  0.007991
    25/499     12.1G   0.02513    0.0273  0.001316   0.05375       354       640    0.6402      0.83    0.7698    0.4597   0.03515   0.03533  0.007879
    26/499     12.1G   0.02744   0.02821  0.001321   0.05697       420       640     0.634    0.8225    0.7636    0.4614   0.03446   0.03556  0.007863
    27/499     12.1G   0.02381   0.02474 0.0009784   0.04953       402       640    0.6358    0.8236    0.7725    0.4667     0.034   0.03547  0.007852
    28/499     12.1G   0.02357   0.02717  0.001523   0.05226       411       640    0.6272    0.8196    0.7779    0.4731   0.03396   0.03551  0.007762
    29/499     12.1G   0.02326   0.02629 0.0009685   0.05052       415       640    0.6322    0.8475    0.7794    0.4779   0.03456   0.03546  0.007831
    30/499     12.1G   0.02672   0.03285  0.001354   0.06092       509       640    0.6383    0.8475    0.7838    0.4767   0.03433    0.0353  0.007836
    31/499     12.1G   0.02401   0.02794 0.0009062   0.05285       364       640    0.6429    0.8511    0.7772     0.471   0.03527   0.03601  0.007834
    32/499     12.1G   0.02571   0.02572  0.001397   0.05283       328       640    0.6424    0.8511    0.7743    0.4732   0.03569   0.03587  0.007965
    33/499     12.1G   0.02965   0.03191   0.00156   0.06312       556       640    0.6324    0.8511    0.7801     0.462   0.03638   0.03551  0.008133
    34/499     12.1G   0.03074   0.03689  0.001593   0.06922       525       640    0.6128    0.8546    0.7736    0.4724   0.03539   0.03538  0.008261
    35/499     12.1G    0.0243   0.02432  0.001746   0.05036       367       640    0.5864    0.8546    0.7763    0.4705   0.03468   0.03524  0.008329
    36/499     12.1G   0.02326   0.02375  0.001018   0.04803       277       640    0.5897    0.8529    0.7745      0.48   0.03437   0.03552  0.008395
    37/499     12.1G   0.02756   0.03084  0.001387   0.05979       479       640    0.5861     0.844    0.7768    0.4751   0.03511   0.03568   0.00835
    38/499     12.1G   0.02728     0.028  0.001331   0.05661       434       640    0.6059    0.8475    0.7709    0.4531   0.03637   0.03615  0.008216
    39/499     12.1G   0.02724    0.0269  0.001189   0.05533       299       640    0.6204    0.8443    0.7786    0.4739   0.03389   0.03583  0.008292
    40/499     12.1G   0.02215   0.02168 0.0008792   0.04471       293       640    0.6202     0.819    0.7792    0.4814   0.03476   0.03611  0.008409
    41/499     12.1G   0.02422   0.03225   0.00118   0.05765       398       640    0.6206    0.8225    0.7822    0.4832   0.03471     0.036  0.008446
    42/499     12.1G   0.02622   0.03012  0.001322   0.05766       386       640    0.6106    0.8225    0.7719    0.4821    0.0348   0.03584  0.008625
    43/499     12.1G    0.0235   0.02726   0.00102   0.05178       381       640    0.6018    0.8225    0.7701    0.4736   0.03628   0.03622  0.008938
    44/499     12.1G   0.02596   0.03001  0.000971   0.05695       447       640    0.6044    0.8198    0.7699    0.4718   0.03397   0.03575  0.008868
    45/499     12.1G   0.02607   0.02647   0.00137    0.0539       372       640    0.5854     0.819    0.7674    0.4754   0.03503   0.03576  0.008715
    46/499     12.1G   0.02564   0.02834  0.001214   0.05519       366       640    0.5898     0.819    0.7721    0.4798   0.03438   0.03551  0.008349
    47/499     12.1G   0.02461   0.02526  0.001062   0.05094       407       640    0.5888     0.819    0.7718    0.4723    0.0346   0.03531  0.008157
    48/499     12.1G    0.0232   0.02382  0.000973     0.048       326       640    0.6016     0.819    0.7703    0.4764   0.03496   0.03524  0.008304
    49/499     12.1G   0.02807   0.02892  0.001186   0.05817       490       640    0.6069     0.819    0.7709    0.4612   0.03585   0.03525  0.008394
    50/499     12.1G   0.02884    0.0326  0.001589   0.06304       441       640    0.5988    0.8209    0.7714    0.4674   0.03534   0.03564  0.008229
    51/499     12.1G   0.02586   0.02819  0.001086   0.05514       452       640    0.6061     0.819    0.7833    0.4603    0.0353   0.03531  0.008251
    52/499     12.1G   0.02862   0.02819   0.00148   0.05829       414       640    0.6038     0.844    0.7739     0.463   0.03559   0.03521   0.00841
    53/499     12.1G   0.03041   0.03461  0.001443   0.06647       578       640     0.594     0.844    0.7671     0.458   0.03476   0.03535  0.008663
    54/499     12.1G   0.02763   0.03368  0.001142   0.06245       449       640    0.5799    0.8475    0.7532    0.4653   0.03493   0.03462  0.009127
    55/499     12.1G   0.02488    0.0241  0.001162   0.05014       312       640    0.6053     0.844    0.7449     0.447   0.03504   0.03507  0.009165
    56/499     12.1G   0.02782   0.02799 0.0007674   0.05658       314       640    0.6133     0.844    0.7469    0.4677   0.03471   0.03466   0.00923
    57/499     12.1G   0.02631   0.02486  0.001089   0.05226       336       640    0.6292     0.844    0.7475     0.447   0.03713   0.03554  0.009151
    58/499     12.1G    0.0264   0.02521  0.000956   0.05257       355       640    0.6292    0.8212    0.7545    0.4721   0.03407   0.03526  0.009114
    59/499     12.1G   0.02354   0.02556 0.0009802   0.05008       325       640    0.6115     0.844    0.7532    0.4731   0.03415   0.03477  0.008994
    60/499     12.1G   0.02855   0.02343  0.001339   0.05332       279       640      0.62    0.8235    0.7575    0.4616   0.03488   0.03569  0.008919
    61/499     12.1G    0.0315   0.03616  0.001349   0.06901       566       640    0.5977    0.8475     0.757    0.4734   0.03526   0.03454  0.009337
    62/499     12.1G   0.02875   0.02978  0.001536   0.06007       364       640    0.5929    0.8453    0.7647    0.4735   0.03474   0.03428  0.009033
    63/499     12.1G   0.03012   0.02757  0.001045   0.05873       374       640    0.5997     0.844    0.7645    0.4618   0.03517   0.03502   0.00877
    64/499     12.1G   0.02799   0.02833  0.001326   0.05764       503       640    0.5999     0.844    0.7698    0.4675   0.03579   0.03487  0.008785
    65/499     12.1G   0.02688   0.02438  0.001017   0.05227       279       640    0.6077    0.8475    0.7725    0.4633   0.03518    0.0345  0.008694
    66/499     12.1G   0.02652   0.02919  0.001272   0.05698       346       640    0.5983    0.7975     0.756    0.4584   0.03519   0.03456  0.008866
    67/499     12.1G   0.02978   0.03206  0.001219   0.06306       372       640    0.5882    0.8138    0.7487    0.4534   0.03653   0.03493   0.00932
    68/499     12.1G   0.02841   0.02873   0.00128   0.05842       303       640    0.5757    0.8271    0.7428    0.4435   0.03614   0.03457   0.00978
    69/499     12.1G   0.02721   0.02632  0.001087   0.05462       358       640    0.6063    0.8225    0.7533    0.4485   0.03489   0.03512    0.0101
    70/499     12.1G   0.02478   0.03052  0.001119   0.05641       394       640    0.6023     0.819    0.7382    0.4489   0.03477    0.0342    0.0105
    71/499     12.1G   0.02879   0.03239  0.001238   0.06242       436       640    0.5986    0.8261    0.7316    0.4538   0.03419   0.03461   0.01088
    72/499     12.1G   0.02646   0.02945  0.001658   0.05757       418       640    0.6097     0.814    0.7422    0.4638   0.03414   0.03492   0.01067
    73/499     12.1G   0.02717    0.0265  0.001035   0.05471       374       640    0.6286    0.7669    0.7375     0.446   0.03562   0.03492   0.01069
    74/499     12.1G   0.02711    0.0267 0.0008483   0.05466       310       640    0.6236    0.7655     0.745    0.4559   0.03527   0.03534    0.0103
    75/499     12.1G   0.02854   0.02502  0.001049    0.0546       295       640    0.6257    0.7905    0.7415    0.4472   0.03617   0.03551    0.0105
    76/499     12.1G   0.03124   0.02858  0.001406   0.06123       510       640    0.6238    0.8155    0.7546    0.4543    0.0355   0.03573   0.01046
    77/499     12.1G   0.02983   0.03011  0.000973   0.06091       399       640    0.5943    0.7975    0.7435    0.4561   0.03622   0.03501    0.0109
    78/499     12.1G     0.028   0.02767   0.00103    0.0567       393       640    0.5761     0.794    0.7268    0.4325   0.03523   0.03416   0.01143
    79/499     12.1G   0.02832    0.0283 0.0009376   0.05756       403       640      0.57    0.7905    0.7265    0.4441   0.03596   0.03446   0.01148
    80/499     12.1G   0.03041   0.02984  0.001342   0.06159       407       640    0.5858    0.7975    0.7351     0.446   0.03521   0.03465   0.01102
    81/499     12.1G    0.0281   0.02823  0.001137   0.05747       367       640    0.6127    0.7972    0.7261     0.433   0.03644   0.03445   0.01091
    82/499     12.1G   0.03002    0.0341  0.001321   0.06543       457       640    0.6156    0.7975    0.7376    0.4532   0.03475   0.03492   0.01041
    83/499     12.1G   0.02954   0.03311   0.00143   0.06407       477       640    0.6173    0.8059    0.7424    0.4522   0.03516   0.03434   0.01017
    84/499     12.1G   0.02921    0.0291  0.001305   0.05961       369       640    0.6251    0.8046    0.7572    0.4588   0.03456   0.03457  0.009676
    85/499     12.1G   0.02977   0.03266  0.001265    0.0637       542       640    0.6497    0.8046    0.7448    0.4547   0.03474   0.03428  0.009891
    86/499     12.1G   0.02679   0.02556  0.001057   0.05341       362       640    0.6782    0.7905    0.7651    0.4623   0.03583   0.03587  0.009442
    87/499     12.1G   0.02914   0.02658  0.001132   0.05684       378       640     0.646     0.794     0.763    0.4565   0.03481   0.03513  0.009103
    88/499     12.1G   0.02986   0.03177  0.001273   0.06291       397       640    0.6285    0.8225    0.7553    0.4591   0.03509   0.03442  0.009115
    89/499     12.1G   0.02373   0.02469 0.0008769   0.04929       316       640    0.6091    0.8225    0.7483    0.4383    0.0355   0.03613  0.009329
    90/499     12.1G   0.02757   0.02683  0.000984   0.05538       376       640    0.6006    0.8155      0.73    0.4315   0.03605   0.03535  0.009272
    91/499     12.1G   0.02824   0.02461  0.001419   0.05427       348       640    0.6006    0.8155    0.7431    0.4355   0.03479   0.03641  0.009066
    92/499     12.1G   0.02553   0.02544  0.001389   0.05235       358       640    0.5885    0.7905     0.714    0.4459   0.03505   0.03574   0.00971
    93/499     12.1G   0.02618   0.02988  0.001097   0.05716       441       640    0.5992    0.8155    0.7411    0.4383   0.03561   0.03553    0.0102
    94/499     12.1G   0.02849    0.0271   0.00111   0.05671       355       640     0.622    0.8108    0.7231    0.4365   0.03561   0.03626   0.01057
    95/499     12.1G   0.02938   0.02908  0.001379   0.05985       406       640    0.6158    0.8155    0.7207    0.4282    0.0354   0.03582   0.01051
    96/499     12.1G   0.03136   0.03454  0.001533   0.06744       446       640    0.6082    0.8155    0.7288    0.4339    0.0366   0.03568  0.009783
    97/499     12.1G   0.03064   0.02731  0.001371   0.05932       350       640    0.5986    0.8155    0.7295    0.4327   0.03554   0.03597   0.01016
    98/499     12.1G   0.02915   0.02479  0.001308   0.05525       302       640    0.6382    0.8155    0.7441    0.4505   0.03575   0.03611   0.01051
    99/499     12.1G   0.02933   0.03164  0.001453   0.06243       413       640    0.6063    0.8155    0.7356    0.4376    0.0355   0.03584   0.01047
   100/499     12.1G   0.02818   0.02604  0.001388   0.05561       313       640    0.5794    0.8085    0.7347    0.4455   0.03727   0.03617   0.01004
   101/499     12.1G   0.03114   0.02711   0.00138   0.05963       437       640    0.5918     0.812    0.7482    0.4376   0.03577   0.03628  0.009635
   102/499     12.1G   0.02489   0.02579  0.001212   0.05189       343       640    0.6141     0.819    0.7417    0.4519   0.03513   0.03543   0.01019
   103/499     12.1G   0.02574   0.02549  0.001249   0.05248       344       640    0.6127     0.819    0.7335    0.4483    0.0342   0.03509    0.0104
   104/499     12.1G   0.03216   0.02985  0.001147   0.06316       374       640     0.606    0.7905    0.7307    0.4173   0.03886   0.03708   0.01088
   105/499     12.1G   0.02896   0.02676  0.001146   0.05687       391       640    0.6127     0.794    0.7262    0.4435   0.03386   0.03511   0.01178
   106/499     12.1G   0.02938   0.02866  0.001269   0.05931       409       640    0.6071     0.819    0.7298    0.4471   0.03626   0.03584   0.01152
   107/499     12.1G   0.03138    0.0276  0.001336   0.06031       401       640    0.5712    0.8042    0.7266    0.4372   0.03555   0.03526   0.01144
   108/499     12.1G   0.03237   0.02633  0.001447   0.06015       247       640    0.5679    0.7905    0.7395    0.4495   0.03689   0.03637   0.01092
   109/499     12.1G   0.02747   0.02605  0.001183    0.0547       381       640    0.5762     0.794    0.7495      0.46   0.03419   0.03419   0.01095
   110/499     12.1G   0.02658   0.02926  0.001721   0.05756       352       640    0.5781    0.8085    0.7118    0.4429   0.03477   0.03457   0.01174
   111/499     12.1G   0.03199   0.02756  0.001395   0.06094       340       640    0.5891    0.7989    0.7066    0.4306   0.03791   0.03555   0.01148
   112/499     12.1G   0.03118   0.03089  0.001478   0.06355       356       640    0.5499     0.794    0.7078    0.4325   0.03635   0.03473   0.01103
   113/499     12.1G   0.02855   0.03482  0.001229    0.0646       449       640    0.5865    0.7725     0.723    0.4536   0.03395   0.03478   0.01084
   114/499     12.1G   0.03119    0.0313  0.001298   0.06378       423       640    0.5996     0.762    0.7045    0.4259   0.03493   0.03532   0.01126
   115/499     12.1G   0.02838    0.0289  0.001101   0.05838       441       640    0.6101    0.8057    0.7036    0.4232   0.03725   0.03573   0.01123
   116/499     12.1G   0.02795   0.02928  0.001221   0.05845       425       640    0.6158    0.7905    0.7288    0.4565   0.03428   0.03467   0.01077
   117/499     12.1G   0.02736   0.02783  0.001554   0.05675       319       640    0.6382    0.7931    0.7367    0.4553   0.03544   0.03634   0.01059
   118/499     12.1G   0.03041   0.02807  0.001319    0.0598       300       640    0.6088    0.7989    0.7359    0.4663   0.03474   0.03536   0.01066
   119/499     12.1G   0.02813   0.02912  0.001209   0.05846       389       640    0.5827     0.794    0.7211     0.438   0.03559   0.03608   0.01087
   120/499     12.1G   0.02951   0.02704  0.001363   0.05791       327       640    0.5844    0.8189    0.7356    0.4706   0.03517   0.03457   0.01067
   121/499     12.1G   0.03179     0.031   0.00134   0.06414       394       640    0.5966    0.8085    0.7473    0.4568    0.0372   0.03607   0.01009
   122/499     12.1G    0.0288    0.0262  0.001603    0.0566       382       640    0.5645    0.8085    0.7505    0.4594   0.03493   0.03516  0.009363
   123/499     12.1G   0.02888   0.02574  0.001366   0.05599       385       640    0.6035    0.8225     0.768    0.4567   0.03605   0.03651  0.008314
   124/499     12.1G   0.03153    0.0289  0.001283   0.06171       382       640    0.6145    0.8402    0.7617    0.4377    0.0379   0.03662  0.008718
   125/499     12.1G   0.03261   0.03065  0.001414   0.06468       412       640    0.6291    0.8155    0.7592    0.4547   0.03593   0.03667  0.009064
   126/499     12.1G   0.02731   0.02659  0.001264   0.05516       336       640    0.6033    0.8073    0.7466    0.4545   0.03713   0.03731  0.009325
   127/499     12.1G   0.03202   0.03239  0.001117   0.06553       448       640    0.6073    0.8155    0.7438     0.436   0.03628   0.03692  0.009666
   128/499     12.1G   0.03162   0.02851  0.001524   0.06165       341       640    0.5598     0.819    0.7185    0.4328   0.03653    0.0366   0.01002
   129/499     12.1G   0.02967   0.02568  0.001247    0.0566       339       640    0.6116     0.794    0.7322      0.44   0.03592   0.03683  0.009849
   130/499     12.1G    0.0322    0.0276  0.001565   0.06136       351       640    0.5827    0.7405    0.7146    0.4422   0.03676   0.03676  0.009894
   131/499     12.1G   0.02936    0.0275  0.001363   0.05822       401       640    0.6092    0.7655    0.7186    0.4427    0.0354   0.03714  0.009718
   132/499     12.1G   0.02602   0.02658  0.001325   0.05393       287       640    0.5994     0.787    0.7112    0.4334   0.03645   0.03764  0.009947
   133/499     12.1G   0.03009   0.02686  0.001131   0.05809       298       640     0.606    0.7609    0.7166    0.4339   0.03716   0.03877  0.009649
   134/499     12.1G   0.02869   0.02835  0.001506   0.05854       389       640    0.6077    0.7459    0.7086    0.4216   0.03551   0.03818   0.01029
   135/499     12.1G   0.02598   0.02825  0.001232   0.05546       370       640    0.5948     0.737    0.6964    0.4128   0.03522   0.03733   0.01027
   136/499     12.1G   0.02961   0.02865  0.001439    0.0597       411       640    0.5974    0.7335    0.6846    0.4104   0.03613   0.03832   0.01067
   137/499     12.1G   0.02993   0.02786  0.001465   0.05926       475       640    0.6013    0.7405    0.6922    0.3977   0.03652   0.03739   0.01088
   138/499     12.1G   0.03187   0.02544  0.001089    0.0584       333       640    0.5731    0.7405     0.682     0.383   0.04027   0.03787   0.01129
   139/499     12.1G   0.03206   0.03112  0.001412    0.0646       442       640    0.5769     0.744    0.6968    0.4167   0.03537   0.03592   0.01168
   140/499     12.1G   0.03021   0.03128  0.001075   0.06256       460       640    0.6043     0.744    0.6897    0.4178   0.03594    0.0365   0.01162
   141/499     12.1G   0.03201   0.02849  0.001453   0.06195       381       640    0.6159     0.762    0.6975    0.4302   0.03595   0.03596   0.01087
   142/499     12.1G   0.03164   0.03254  0.001055   0.06524       534       640    0.5997    0.7655    0.7078    0.4208   0.03811   0.03673   0.01021
   143/499     12.1G   0.02791    0.0283  0.001445   0.05766       345       640    0.5813    0.7764    0.7276    0.4371   0.03522   0.03478   0.01095
   144/499     12.1G   0.03213   0.03107  0.001303    0.0645       506       640    0.5836    0.7585    0.7077    0.4218   0.03613   0.03525    0.0118
   145/499     12.1G   0.03262   0.02644  0.001636   0.06069       294       640    0.5876    0.7593    0.7127    0.4393   0.03657   0.03541   0.01122
   146/499     12.1G   0.03037   0.02923  0.001575   0.06117       410       640    0.5924    0.7655    0.7133    0.4326   0.03633   0.03604   0.01087
   147/499     12.1G   0.02957    0.0279  0.001753   0.05922       333       640    0.5591     0.769     0.703    0.4438   0.03519    0.0347   0.01132
   148/499     12.1G   0.02822    0.0285  0.001604   0.05833       511       640    0.5493     0.737    0.6849    0.4148   0.03553   0.03541   0.01118
   149/499     12.1G   0.03267   0.03224  0.001428   0.06634       438       640     0.567    0.7761    0.7347    0.4408   0.03507   0.03403   0.01125
   150/499     12.1G   0.03229   0.02241  0.001378   0.05608       289       640    0.5589     0.737    0.7205    0.4239   0.03811   0.03613   0.01132
   151/499     12.1G   0.03159   0.03024  0.001473    0.0633       401       640    0.5425     0.769     0.734    0.4462   0.03671   0.03489   0.01051
   152/499     12.1G   0.03149   0.03063  0.001337   0.06346       444       640    0.5856    0.7405    0.7235     0.436   0.03653   0.03721   0.01057
   153/499     12.1G   0.02973   0.02911  0.001179   0.06002       281       640     0.587    0.7464    0.7174    0.4375   0.03485   0.03482   0.01118
   154/499     12.1G   0.03102   0.03346  0.001294   0.06578       446       640    0.5939    0.7865    0.7276    0.4451   0.03542   0.03704   0.01029
   155/499     12.1G    0.0289   0.03078  0.001309   0.06099       396       640    0.6025    0.7799    0.7155    0.4369   0.03471   0.03705    0.0102
   156/499     12.1G   0.03003   0.02999  0.001582    0.0616       461       640    0.6003    0.7799    0.7087    0.4549   0.03562    0.0373    0.0103
   157/499     12.1G   0.03692   0.02751  0.001369    0.0658       274       640    0.5095    0.7799    0.6635    0.4118   0.03799   0.03915   0.01064
   158/499     12.1G   0.02895   0.02788   0.00123   0.05806       324       640    0.5816    0.7264    0.6978     0.433   0.03491   0.03685    0.0115
   159/499     12.1G    0.0257   0.02829  0.001389   0.05537       297       640    0.5965    0.7764    0.7001    0.4362   0.03501   0.03725   0.01155
   160/499     12.1G   0.02812   0.02335  0.001226    0.0527       244       640    0.6092    0.8049    0.7272    0.4497   0.03692   0.03656    0.0117
   161/499     12.1G   0.03393   0.03364  0.001111   0.06869       506       640    0.6209    0.8085    0.7436    0.4373   0.03673   0.03771   0.01088
   162/499     12.1G   0.03183   0.03198  0.001472   0.06528       478       640    0.5988    0.8405    0.7456    0.4421   0.03565   0.03595   0.01109
   163/499     12.1G   0.02514    0.0254  0.001373   0.05191       325       640    0.5985    0.8422    0.7536    0.4572   0.03528   0.03596   0.01014
   164/499     12.1G   0.02802   0.03081  0.001603   0.06043       407       640    0.5927    0.7905    0.7339    0.4487   0.03534   0.03672   0.01085
   165/499     12.1G   0.02619   0.02308  0.001516   0.05079       328       640    0.6416     0.794    0.7219     0.409   0.03729   0.03684   0.01075
   166/499     12.1G   0.03049   0.03115  0.001388   0.06303       404       640    0.6028    0.7475      0.72    0.4297   0.03758   0.03699   0.01045
   167/499     12.1G   0.03239   0.03638  0.001657   0.07042       499       640    0.5915     0.744    0.7292    0.4364   0.03493   0.03547   0.01043
   168/499     12.1G   0.02846   0.02847  0.001769    0.0587       376       640    0.5729    0.7405    0.7243    0.4424   0.03691   0.03558  0.009881
   169/499     12.1G   0.02745   0.02287  0.001304   0.05162       312       640     0.597     0.762    0.7187    0.4408    0.0358   0.03686   0.01021
   170/499     12.1G   0.02883   0.02893  0.001534    0.0593       432       640      0.59    0.7584    0.6951    0.4353   0.03649   0.03612   0.01021
   171/499     12.1G   0.02818   0.02679  0.001431    0.0564       344       640    0.5779    0.7655    0.7203    0.4597   0.03549   0.03649  0.009625
   172/499     12.1G   0.03064   0.02758  0.001355   0.05958       322       640    0.5841    0.7905    0.7424    0.4591   0.03787   0.03632    0.0092
   173/499     12.1G   0.03346    0.0346  0.001353   0.06941       425       640    0.5684     0.819     0.736    0.4524   0.03635   0.03643   0.00884
   174/499     12.1G   0.03254   0.02895  0.001547   0.06304       380       640    0.5863    0.8225    0.7462    0.4465   0.03777   0.03611  0.008553
   175/499     12.1G     0.029    0.0294    0.0014    0.0598       409       640    0.5654    0.8011    0.7432     0.445   0.03631   0.03591  0.008349
   176/499     12.1G   0.03083   0.02969  0.001588   0.06211       397       640    0.5577    0.7975     0.739    0.4523   0.03591   0.03603  0.008766
   177/499     12.1G   0.03132    0.0298   0.00151   0.06263       394       640    0.5659     0.819    0.7338    0.4463   0.03743   0.03673  0.009744
   178/499     12.1G   0.02757   0.02795  0.001303   0.05683       476       640    0.5781     0.769    0.7079    0.4269   0.03757   0.03615   0.01031
   179/499     12.1G    0.0307   0.02987  0.001457   0.06203       350       640    0.5375     0.744    0.7171    0.4322   0.03745   0.03564   0.01108
   180/499     12.1G   0.02935   0.02738  0.001235   0.05797       417       640    0.5431     0.744    0.7159    0.4368   0.03654   0.03643   0.01124
   181/499     12.1G   0.02852   0.02839  0.001364   0.05827       352       640    0.5742    0.7405    0.7143    0.4392   0.03562   0.03676   0.01094
   182/499     12.1G   0.02957   0.03109  0.001472   0.06213       510       640    0.5865     0.794    0.7154    0.4362   0.03721   0.03701   0.01074
   183/499     12.1G   0.03031   0.02876  0.001232   0.06029       370       640    0.5795    0.7905    0.7161    0.4263   0.04018   0.03644   0.01074
   184/499     12.1G   0.02946   0.02754  0.001586   0.05858       354       640    0.5827    0.7975    0.7357    0.4475   0.03552    0.0362   0.01067
   185/499     12.1G   0.03021   0.02679  0.001337   0.05833       422       640     0.598     0.794     0.715    0.4206   0.03726   0.03603   0.01082
   186/499     12.1G   0.03153   0.02842  0.001432   0.06138       394       640    0.5792     0.787    0.7239    0.4325   0.03691   0.03538   0.01106
   187/499     12.1G   0.03171    0.0271  0.001363   0.06017       398       640     0.597     0.787     0.725    0.4434   0.03789   0.03682   0.01045
   188/499     12.1G   0.03302   0.02854  0.001271   0.06282       374       640    0.5795    0.7905      0.73    0.4553   0.03669   0.03546   0.01028
   189/499     12.1G    0.0299   0.02841  0.001477   0.05979       336       640    0.5527     0.762     0.733    0.4513   0.03693    0.0357  0.009208
   190/499     12.1G   0.03172   0.02737   0.00134   0.06043       238       640    0.5448    0.7511    0.7272    0.4497   0.03515    0.0354  0.008817
   191/499     12.1G   0.02768   0.02392  0.001388   0.05299       276       640    0.5897     0.769    0.7364    0.4404   0.03702   0.03648  0.008964
   192/499     12.1G   0.02969   0.02686  0.001412   0.05796       258       640    0.6077    0.7369    0.7341    0.4432   0.03541   0.03489  0.009239
   193/499     12.1G   0.02809   0.02699  0.001496   0.05658       352       640    0.5869    0.8155    0.7409    0.4416   0.03492    0.0354   0.00988
   194/499     12.1G   0.02572    0.0248  0.001405   0.05193       361       640    0.5875    0.8335    0.7247    0.4451   0.03541   0.03604   0.01018
   195/499     12.1G   0.02816   0.02414  0.001337   0.05364       334       640    0.6114     0.787    0.7497    0.4461   0.03603   0.03747  0.008305
   196/499     12.1G   0.03018    0.0321  0.001415    0.0637       522       640    0.5898    0.8216    0.7667    0.4407   0.03717   0.03645  0.007842
   197/499     12.1G   0.02758   0.02636  0.001322   0.05526       341       640    0.5899    0.8511    0.7609     0.467   0.03545   0.03649  0.008379
   198/499     12.1G   0.02724   0.02598  0.001667   0.05489       306       640    0.5993    0.8104    0.7563    0.4613    0.0353   0.03653  0.008626
   199/499     12.1G   0.02712   0.02871  0.001432   0.05726       392       640    0.6007     0.812    0.7678    0.4427   0.03705   0.03831  0.008148
   200/499     12.1G   0.03216   0.03103  0.001389   0.06458       475       640    0.6064    0.8293    0.7718    0.4445   0.03612   0.03809  0.008203
   201/499     12.1G   0.03054   0.02465  0.001147   0.05634       289       640    0.6286    0.7764    0.7477    0.4365   0.03937   0.03843  0.008586
   202/499     12.1G   0.03105   0.03163  0.001413   0.06409       355       640    0.6301     0.787    0.7586    0.4642   0.03655   0.03747  0.009305
   203/499     12.1G    0.0267   0.02427  0.001212   0.05219       344       640     0.604    0.7585    0.7375    0.4466   0.03646   0.03778   0.01023
   204/499     12.1G   0.02777   0.02571  0.001506   0.05499       332       640    0.6198    0.7585    0.7329    0.4532   0.03591   0.03766   0.01074
   205/499     12.1G   0.02505   0.02201  0.001102   0.04816       293       640    0.6024    0.7799    0.7133    0.4405   0.03606   0.03716   0.01087
   206/499     12.1G   0.03437   0.02806  0.001425   0.06385       380       640    0.6166     0.787    0.7368    0.4155   0.03821    0.0381   0.01045
   207/499     12.1G   0.02805   0.02527  0.001451   0.05476       340       640    0.6115    0.8222    0.7276    0.4412    0.0372   0.03682  0.009771
   208/499     12.1G   0.02796   0.02499  0.001294   0.05425       323       640     0.606    0.8405    0.7454    0.4611   0.03592   0.03586   0.01004
   209/499     12.1G   0.02766    0.0266  0.001573   0.05584       374       640    0.5908    0.7905    0.7265    0.4496   0.03604   0.03528   0.01174
   210/499     12.1G   0.02739   0.03042    0.0012   0.05901       412       640    0.5843    0.8155    0.7185     0.441   0.03596   0.03624   0.01224
   211/499     12.1G   0.02561   0.02902  0.001475    0.0561       475       640    0.5966     0.837    0.7331    0.4465   0.03541    0.0358   0.01221
   212/499     12.1G   0.02525   0.02558   0.00154   0.05238       381       640    0.5713     0.812    0.7217    0.4518   0.03539    0.0356     0.012
   213/499     12.1G   0.02926   0.03412  0.001372   0.06475       642       640    0.5779     0.812    0.7345    0.4315   0.03693    0.0368   0.01138
   214/499     12.1G    0.0356   0.02663  0.001169   0.06339       366       640     0.587    0.7835    0.7308    0.4096   0.04229   0.03765   0.01082
   215/499     12.1G   0.03429   0.03302  0.001395    0.0687       471       640    0.6005     0.787    0.7539     0.461    0.0366   0.03694   0.01064
   216/499     12.1G   0.02544   0.02607   0.00132   0.05283       318       640     0.578     0.769    0.7206    0.4338   0.03518   0.03706   0.01031
   217/499     12.1G   0.02878   0.02619  0.001788   0.05676       417       640    0.5593    0.7736    0.7251    0.4661   0.03616   0.03631   0.01028
   218/499     12.1G   0.02834   0.02755  0.001274   0.05716       400       640    0.6095    0.8441     0.747    0.4568   0.03511   0.03649   0.01007
   219/499     12.1G   0.02896   0.03021  0.001201   0.06038       369       640    0.6155    0.8148    0.7516    0.4531   0.03514   0.03673   0.01027
   220/499     12.1G   0.02556   0.02767  0.001258   0.05449       369       640    0.6078    0.8114    0.7436     0.457   0.03463   0.03682  0.009757
   221/499     12.1G   0.02666   0.02254  0.001362   0.05056       270       640    0.6274    0.8085    0.7344     0.428   0.03629   0.03894   0.01025
   222/499     12.1G   0.02682   0.02571   0.00116   0.05368       358       640    0.6067    0.7549     0.728    0.4601    0.0364   0.03746   0.00916
   223/499     12.1G   0.02862   0.02683   0.00133   0.05678       368       640    0.6234    0.7809    0.7228     0.445   0.03545   0.03797  0.009153
   224/499     12.1G   0.03285    0.0248  0.001484   0.05913       275       640    0.5903    0.7799    0.7052      0.44   0.03594   0.03768  0.009697
   225/499     12.1G    0.0275   0.02741  0.001217   0.05612       365       640    0.5526    0.7827    0.7032    0.4329    0.0358   0.03554   0.01009
   226/499     12.1G    0.0281   0.02743  0.001507   0.05703       432       640    0.5756    0.7975    0.7223    0.4449   0.03607    0.0354   0.01006
   227/499     12.1G   0.02832   0.03121  0.001271    0.0608       497       640    0.5682    0.8225    0.7194    0.4282   0.03522   0.03572    0.0107
   228/499     12.1G   0.02874    0.0272  0.001483   0.05742       417       640    0.5674     0.769    0.7343    0.4387   0.03652   0.03619   0.01133
   229/499     12.1G   0.03108   0.02943  0.001778   0.06229       483       640    0.5965    0.7905    0.7215    0.4291    0.0356   0.03604    0.0105
   230/499     12.1G   0.02968   0.02723  0.001799   0.05871       390       640     0.569    0.8225    0.7349    0.4464   0.03572   0.03577   0.01132
   231/499     12.1G   0.02724   0.02831  0.001147    0.0567       285       640    0.5642     0.819    0.7241    0.4369   0.03457   0.03518   0.01139
   232/499     12.1G   0.02574   0.03302  0.001494   0.06026       527       640    0.5924    0.8225    0.7167    0.4384   0.03385   0.03523   0.01079
   233/499     12.1G   0.02639   0.02726  0.001553    0.0552       401       640    0.5869     0.819    0.6935    0.4216   0.03429   0.03551   0.01137
   234/499     12.1G   0.02733   0.02528  0.001371   0.05399       338       640    0.5838     0.769    0.6859    0.4229   0.03652   0.03548   0.01288
   235/499     12.1G   0.02762   0.02545  0.001292   0.05437       350       640    0.5588     0.694    0.6605    0.4132   0.03646   0.03612   0.01391
   236/499     12.1G   0.02889   0.02404  0.001613   0.05455       386       640    0.5433     0.687      0.66    0.4144   0.03675   0.03587   0.01465
   237/499     12.1G   0.02623   0.02764  0.001453   0.05532       367       640    0.5548    0.7405    0.6647     0.414   0.03466   0.03494   0.01437
   238/499     12.1G   0.03113   0.02752  0.001285   0.05993       353       640    0.5435     0.762    0.6427    0.3876   0.03634   0.03423   0.01376
   239/499     12.1G   0.02763   0.02673  0.001329   0.05568       379       640    0.5441     0.744    0.6485    0.3978   0.03623   0.03511   0.01347
   240/499     12.1G    0.0272   0.02882  0.001223   0.05724       392       640    0.5452    0.7975    0.6834    0.4219   0.03442   0.03445   0.01331
   241/499     12.1G   0.02288   0.02237  0.001275   0.04652       321       640    0.5424    0.7724    0.7053     0.439   0.03521   0.03496   0.01237
   242/499     12.1G   0.03106   0.03085  0.001323   0.06323       389       640    0.5687    0.8205    0.7182    0.4363   0.03533   0.03488   0.01152
   243/499     12.1G   0.02792   0.02893  0.001376   0.05823       440       640     0.563     0.819    0.7295    0.4516   0.03655   0.03564   0.01054
   244/499     12.1G   0.02731   0.02558   0.00118   0.05407       396       640    0.5676    0.7938    0.7174    0.4417     0.036   0.03605   0.01125
   245/499     12.1G   0.02824   0.03004  0.001588   0.05987       417       640     0.545    0.7878    0.7231     0.453   0.03496   0.03584   0.01126
   246/499     12.1G   0.03536   0.03204  0.001439   0.06884       385       640    0.5361     0.837    0.7422    0.4427   0.03707   0.03637   0.01107
   247/499     12.1G    0.0335   0.03791  0.001485   0.07289       628       640    0.5182    0.8264    0.7216    0.4383   0.03582    0.0347   0.01094
   248/499     12.1G   0.02958   0.02742  0.001357   0.05835       358       640    0.5648    0.8405    0.7301    0.4401   0.03682   0.03497   0.01074
   249/499     12.1G    0.0282   0.02741  0.001305   0.05692       365       640    0.5802    0.8405    0.7423     0.436   0.03559   0.03561    0.0102
   250/499     12.1G   0.02625   0.02872  0.001385   0.05636       443       640    0.5952    0.8725    0.7257    0.4354   0.03643   0.03483   0.01008
   251/499     12.1G   0.03101   0.03404  0.001405   0.06645       610       640    0.5835    0.8366    0.7096    0.4274   0.03513   0.03556   0.01057
   252/499     12.1G   0.02785   0.03154  0.001456   0.06085       424       640    0.5644    0.8011     0.715    0.4297   0.03555   0.03499    0.0111
   253/499     12.1G   0.02664   0.02459  0.001067   0.05229       361       640    0.5737    0.8011    0.7214    0.4329   0.03547   0.03605   0.01126
   254/499     12.1G   0.03115   0.02939  0.001124   0.06167       400       640    0.5671    0.7777    0.6653    0.4205   0.03773   0.03593   0.01152
   255/499     12.1G   0.03043   0.02773  0.001322   0.05948       420       640    0.5829    0.8211    0.7053    0.4288   0.03518    0.0356   0.01218
   256/499     12.1G   0.02733   0.02979  0.001514   0.05863       495       640    0.5931    0.8011    0.6893    0.4165   0.03472    0.0355   0.01188
   257/499     12.1G   0.03278    0.0301  0.001103   0.06398       379       640    0.5444    0.7155    0.6717    0.4011   0.03834   0.03653   0.01244
   258/499     12.1G   0.02919   0.02625    0.0013   0.05674       370       640    0.5888     0.869    0.7135    0.4253   0.03538   0.03601   0.01258
   259/499     12.1G   0.02391   0.03166  0.001342   0.05691       446       640     0.573    0.8767    0.7354    0.4521    0.0334   0.03492     0.013
   260/499     12.1G   0.02961   0.02948  0.001182   0.06027       494       640    0.6067    0.8155    0.7537    0.4522   0.03611   0.03617    0.0119
   261/499     12.1G   0.02734   0.02631  0.001086   0.05473       334       640    0.5965    0.8155    0.7421     0.445   0.03609   0.03662   0.01169
   262/499     12.1G   0.02749   0.02289  0.001224    0.0516       246       640    0.6094     0.812    0.7234    0.4381   0.03581   0.03719    0.0118
   263/499     12.1G    0.0247    0.0257  0.001299   0.05169       370       640    0.6104     0.787    0.7067    0.4355   0.03436   0.03707    0.0122
   264/499     12.1G   0.02349   0.02374  0.001451   0.04868       377       640    0.5798     0.762    0.7048    0.4454   0.03426   0.03666   0.01336
   265/499     12.1G   0.02501   0.02626  0.001225    0.0525       345       640    0.5681     0.769    0.6766    0.4239   0.03412   0.03706   0.01271
   266/499     12.1G   0.02714   0.02553  0.001229   0.05391       314       640    0.5738    0.7835    0.6712    0.4313   0.03473   0.03633   0.01275
   267/499     12.1G   0.02676   0.02703  0.001416   0.05521       490       640    0.5863     0.794    0.6881     0.398   0.03586   0.03759   0.01187
   268/499     12.1G   0.02334   0.02199  0.001103   0.04643       286       640    0.6037    0.7475    0.6952    0.4243   0.03486   0.03715   0.01143
   269/499     12.1G   0.03302    0.0245  0.001088    0.0586       252       640    0.6145    0.7423    0.7243    0.4209   0.03569   0.03796   0.01111
   270/499     12.1G   0.02994   0.02811  0.001602   0.05964       318       640    0.6085    0.7975    0.7259    0.4622   0.03502   0.03609   0.01154
   271/499     12.1G   0.02279   0.02287  0.001494   0.04716       321       640     0.581    0.8046     0.717    0.4468    0.0353    0.0357   0.01028
   272/499     12.1G   0.03299   0.02793  0.001247   0.06217       383       640    0.5555    0.8254    0.6974    0.4158   0.03556   0.03604   0.01148
   273/499     12.1G   0.03019   0.03236  0.001598   0.06415       506       640    0.5769    0.8225    0.7443    0.4488   0.03672   0.03583   0.01132
   274/499     12.1G   0.02933   0.02761  0.001381   0.05832       400       640     0.584    0.7975     0.732    0.4429   0.03512   0.03576   0.01087
   275/499     12.1G   0.02632   0.03295  0.001213   0.06047       461       640    0.6277    0.7975     0.708    0.4392   0.03366   0.03621   0.01098
   276/499     12.1G   0.02208    0.0231  0.001568   0.04675       273       640    0.6416     0.769    0.6947    0.4315   0.03438   0.03748   0.01115
   277/499     12.1G   0.02857   0.02809  0.001284   0.05794       408       640    0.6131    0.7699    0.6715     0.436   0.03462   0.03639   0.01085
   278/499     12.1G   0.02484   0.02744  0.001282   0.05356       449       640    0.6226     0.794    0.7383    0.4562   0.03465   0.03717   0.01053
   279/499     12.1G    0.0234   0.02277  0.001166   0.04734       224       640    0.6023     0.794    0.7338    0.4415   0.03487   0.03694   0.01084
   280/499     12.1G   0.02528   0.02457   0.00133   0.05118       338       640    0.6186     0.794    0.7575    0.4679   0.03433   0.03715  0.009107
   281/499     12.1G   0.02348   0.02733  0.001164   0.05198       412       640    0.6165    0.7872    0.7425    0.4468   0.03533   0.03743  0.008671
   282/499     12.1G   0.02645   0.02699  0.001158   0.05459       363       640    0.6293    0.7971    0.7768    0.4819   0.03527   0.03712  0.007904
   283/499     12.1G   0.02507   0.02076  0.001444   0.04727       298       640    0.6177     0.794    0.7825    0.4872   0.03568   0.03717  0.009386
   284/499     12.1G   0.02772   0.02346  0.001118   0.05229       305       640      0.61     0.794    0.7404    0.4418   0.03554   0.03801   0.01091
   285/499     12.1G   0.02475   0.02303  0.001156   0.04893       315       640    0.6341    0.7711    0.7248     0.422   0.03573   0.03755   0.01216
   286/499     12.1G   0.03054   0.02914  0.001116   0.06079       450       640    0.5985    0.7655    0.7247    0.4396   0.03553   0.03701   0.01296
   287/499     12.1G   0.02659   0.02548  0.001028   0.05309       338       640    0.5776    0.7725    0.7065    0.4393   0.03523   0.03545   0.01335
   288/499     12.1G   0.02871    0.0295  0.001163   0.05937       481       640    0.5861    0.7725    0.6896    0.4161   0.03478    0.0365   0.01314
   289/499     12.1G   0.02983   0.03428  0.001706   0.06581       547       640    0.5833     0.819    0.6929    0.4293   0.03435   0.03627    0.0122
   290/499     12.1G   0.02511   0.02199  0.001303   0.04841       341       640     0.593    0.7832    0.6986    0.4243   0.03434   0.03734   0.01232
   291/499     12.1G   0.02574   0.02354  0.001037   0.05032       312       640    0.5736    0.7261    0.6868    0.4122   0.03496   0.03758     0.013
   292/499     12.1G   0.02576   0.02665  0.001352   0.05376       401       640    0.5563    0.7475    0.6724    0.4217   0.03464    0.0376    0.0131
   293/499     12.1G   0.02507   0.02609  0.001036   0.05219       368       640    0.5621    0.7451    0.6683    0.4274   0.03388    0.0378   0.01323
   294/499     12.1G   0.02571   0.02668  0.001319   0.05371       474       640     0.574    0.7885    0.6759    0.4149   0.03464   0.03834   0.01209
   295/499     12.1G   0.02394   0.02861  0.001518   0.05406       431       640    0.5846    0.8081    0.6901    0.4324   0.03451   0.03835   0.01161
   296/499     12.1G   0.02403   0.02825  0.001236   0.05352       448       640    0.5869    0.7975    0.6939     0.439   0.03356   0.03749   0.01147
   297/499     12.1G   0.02123   0.02627   0.00109   0.04859       352       640    0.5801    0.7905    0.7105    0.4501   0.03411   0.03754   0.01151
   298/499     12.1G   0.02492   0.02762  0.001264   0.05381       358       640    0.5896    0.7931    0.7189    0.4473   0.03482   0.03743   0.01151
   299/499     12.1G   0.02502   0.02874  0.001424   0.05518       456       640    0.5898    0.7905    0.7309    0.4313   0.03525   0.03723   0.01254
   300/499     12.1G   0.02658   0.02795  0.001218   0.05575       355       640    0.5714     0.787    0.7295    0.4565   0.03484   0.03693   0.01295
   301/499     12.1G   0.02515   0.03093  0.001295   0.05738       521       640    0.5646    0.7975    0.7327    0.4618   0.03395   0.03595   0.01276
   302/499     12.1G   0.02628   0.02786  0.001029   0.05516       448       640    0.5882    0.8072    0.7578     0.465   0.03454   0.03646   0.01202
   303/499     12.1G   0.02794   0.02528  0.001264   0.05448       318       640    0.6029    0.7541    0.7352    0.4686    0.0348    0.0365   0.01129
   304/499     12.1G   0.02431    0.0216  0.001465   0.04738       259       640    0.6342    0.7664    0.7514    0.4712   0.03512    0.0381   0.01067
   305/499     12.1G   0.02499   0.03029  0.001244   0.05653       450       640    0.6094    0.7786    0.7197    0.4491   0.03435   0.03742   0.01278
   306/499     12.1G   0.02344   0.02643  0.001193   0.05106       409       640    0.5792     0.787    0.6954    0.4135   0.03593   0.03791    0.0141
   307/499     12.1G   0.02711   0.02558  0.001034   0.05373       339       640     0.577    0.7615    0.7071    0.4356   0.03473   0.03742   0.01466
   308/499     12.1G   0.02619   0.03121  0.001116   0.05852       468       640    0.6001    0.7507    0.7054    0.4385   0.03397    0.0376   0.01419
   309/499     12.1G   0.02228   0.02276  0.001117   0.04615       277       640     0.608    0.7591    0.7041    0.4364   0.03444   0.03834   0.01374
   310/499     12.1G   0.02522   0.02425 0.0009266    0.0504       344       640    0.6028    0.7245    0.7098    0.4309   0.03469   0.03864   0.01335
   311/499     12.1G   0.02433   0.02806  0.001144   0.05354       374       640    0.5928     0.737    0.7041    0.4405   0.03441   0.03816   0.01334
   312/499     12.1G   0.02528   0.02429  0.001001   0.05057       358       640    0.5811    0.7299    0.6937    0.4374    0.0356   0.03851   0.01348
   313/499     12.1G   0.02682   0.02849  0.001124   0.05644       421       640    0.5877    0.7549    0.6908    0.4317   0.03436   0.03801   0.01366
   314/499     12.1G   0.02764   0.03269  0.001368    0.0617       577       640    0.5629    0.7835    0.6838    0.4264   0.03479   0.03786   0.01384
   315/499     12.1G   0.02322   0.02418  0.000995    0.0484       373       640    0.5712    0.8585    0.6984    0.4349    0.0348   0.03694   0.01364
   316/499     12.1G   0.02225   0.02346 0.0009669   0.04668       380       640    0.5541    0.8529    0.7061    0.4447   0.03437   0.03669   0.01393
   317/499     12.1G   0.02555   0.02185 0.0009782   0.04837       302       640    0.5648    0.8014    0.7105    0.4478   0.03446   0.03744   0.01365
   318/499     12.1G   0.03074   0.02386  0.001077   0.05568       241       640     0.587    0.7799    0.7091    0.4301   0.03685   0.03849   0.01281
   319/499     12.1G   0.02594   0.02627  0.001407   0.05362       358       640    0.5784    0.7655    0.7048    0.4451   0.03443   0.03712    0.0127
   320/499     12.1G   0.02161   0.02272  0.001053   0.04538       344       640    0.5882    0.7905    0.7064    0.4587   0.03426   0.03672   0.01261
   321/499     12.1G   0.02234   0.02534   0.00165   0.04933       376       640    0.5839    0.8188    0.6979    0.4336   0.03427   0.03701   0.01217
   322/499     12.1G   0.02161    0.0231  0.001037   0.04574       364       640    0.5751     0.794    0.7101    0.4344   0.03462   0.03738   0.01255
   323/499     12.1G    0.0242    0.0279  0.001307   0.05341       424       640    0.5906     0.787    0.7252    0.4349   0.03494   0.03698   0.01241
   324/499     12.1G   0.02262   0.02237  0.001149   0.04613       312       640    0.6124    0.7905     0.726    0.4452   0.03523   0.03769   0.01252
   325/499     12.1G   0.02027   0.02312  0.001013   0.04441       333       640    0.6113    0.8085    0.7466    0.4476   0.03493   0.03782   0.01189
   326/499     12.1G   0.02459   0.02705  0.001033   0.05267       497       640    0.6074     0.837    0.7592    0.4499   0.03515   0.03791   0.01171
   327/499     12.1G    0.0217   0.02329  0.001156   0.04614       335       640     0.624    0.8299    0.7499    0.4432   0.03569   0.03871   0.01075
   328/499     12.1G   0.02263   0.02118 0.0008931   0.04471       331       640    0.6146    0.8155    0.7464    0.4353   0.03579    0.0389   0.01026
   329/499     12.1G   0.02317   0.02197  0.001235   0.04637       384       640    0.6281     0.812    0.7473    0.4448   0.03516   0.03958   0.01067
   330/499     12.1G   0.02158   0.02384 0.0009691   0.04639       331       640    0.6128    0.8085    0.7484    0.4457   0.03507   0.03925   0.01071
   331/499     12.1G    0.0208   0.02162  0.001107   0.04353       256       640    0.6077    0.8338    0.7591    0.4701   0.03506   0.03998  0.009822
   332/499     12.1G   0.02294   0.02485  0.001057   0.04885       397       640     0.604    0.8306    0.7589    0.4572   0.03455   0.03894  0.009536
   333/499     12.1G   0.02314   0.02637  0.001194    0.0507       346       640    0.6188    0.8348     0.756    0.4522   0.03459    0.0391  0.008863
   334/499     12.1G   0.02207   0.02461 0.0009879   0.04767       398       640    0.5999    0.8014    0.7489    0.4739   0.03408   0.03917  0.008785
   335/499     12.1G   0.02157   0.02198  0.001013   0.04456       300       640    0.6209    0.8002    0.7402    0.4655   0.03495   0.03954   0.00926
   336/499     12.1G     0.026    0.0264 0.0009449   0.05335       349       640    0.6324    0.7764    0.7399    0.4505   0.03474    0.0394   0.00996
   337/499     12.1G   0.02201   0.02391 0.0009458   0.04686       347       640     0.609    0.7299    0.7252    0.4632   0.03448   0.03798   0.01145
   338/499     12.1G   0.02132   0.02378 0.0009617   0.04606       349       640    0.6361    0.7501    0.7308    0.4585   0.03467   0.03857   0.01246
   339/499     12.1G   0.02071   0.02089   0.00115   0.04275       316       640    0.6114    0.7764    0.7334    0.4539   0.03564   0.03879   0.01329
   340/499     12.1G   0.02109   0.02439  0.001358   0.04684       421       640    0.6001    0.7014    0.7137    0.4443    0.0349   0.03874   0.01377
   341/499     12.1G   0.03361   0.03532  0.001439   0.07037       531       640    0.6211     0.737    0.7188    0.3983   0.03614   0.03948   0.01222
   342/499     12.1G   0.02595   0.02604 0.0009229   0.05292       307       640    0.5865    0.7049    0.7109    0.4392   0.03492   0.03758   0.01153
   343/499     12.1G   0.02389   0.02733  0.001343   0.05256       389       640    0.6267    0.8061    0.7364    0.4514   0.03478   0.03791   0.01088
   344/499     12.1G   0.02151   0.02453  0.001181   0.04722       297       640     0.617    0.8585    0.7633     0.477    0.0335   0.03745  0.009682
   345/499     12.1G   0.02171   0.02296 0.0009959   0.04566       284       640    0.6022    0.8655    0.7808    0.4855   0.03432   0.03732  0.009071
   346/499     12.1G   0.02074    0.0226 0.0008072   0.04415       346       640    0.6076    0.8655    0.7941    0.4882   0.03463   0.03752  0.008605
   347/499     12.1G   0.02052   0.02101 0.0009697    0.0425       302       640      0.62    0.8655    0.7871    0.4839   0.03485   0.03761   0.00843
   348/499     12.1G    0.0251   0.02167  0.001009   0.04778       263       640     0.631    0.8585     0.787    0.4973   0.03561   0.03753  0.008623
   349/499     12.1G   0.02292   0.02124 0.0007191   0.04488       269       640     0.601    0.8049    0.7704    0.5001   0.03549   0.03756  0.009491
   350/499     12.1G   0.02368   0.02669 0.0009746   0.05135       334       640    0.5949    0.8085    0.7669    0.4882    0.0342    0.0371    0.0107
   351/499     12.1G    0.0204   0.02291 0.0009753   0.04429       312       640    0.5911    0.8155     0.773    0.4839   0.03474   0.03752   0.01084
   352/499     12.1G   0.02415   0.02697  0.001176    0.0523       423       640    0.5779    0.8405    0.7542    0.4743   0.03415   0.03657   0.01105
   353/499     12.1G    0.0237   0.02578  0.001325    0.0508       331       640    0.5878    0.8466    0.7619     0.468   0.03491   0.03784   0.01142
   354/499     12.1G   0.02641   0.03024  0.001129   0.05778       520       640    0.6039     0.844    0.7452    0.4556   0.03415   0.03663   0.01156
   355/499     12.1G   0.02229   0.02445 0.0009513   0.04769       306       640    0.6251     0.844    0.7623    0.4535   0.03461   0.03831   0.01121
   356/499     12.1G   0.02019   0.02341  0.001078   0.04467       339       640     0.622    0.8225    0.7624    0.4493   0.03498   0.03838   0.01108
   357/499     12.1G   0.02492   0.02445 0.0009278   0.05029       431       640    0.6242    0.7711    0.7561    0.4565   0.03412   0.03856   0.01113
   358/499     12.1G   0.02098   0.02381 0.0007875   0.04558       340       640     0.599    0.7379    0.7562    0.4652   0.03428   0.03804   0.01135
   359/499     12.1G   0.02037   0.02374 0.0009159   0.04503       345       640    0.6026    0.7451    0.7642    0.4553   0.03438   0.03856   0.01129
   360/499     12.1G     0.021   0.02451 0.0009344   0.04645       415       640    0.6208     0.737    0.7573    0.4537   0.03485   0.03914   0.01154
   361/499     12.1G   0.02415   0.02566   0.00117   0.05098       368       640    0.6171     0.787     0.764    0.4641   0.03493   0.03898   0.01106
   362/499     12.1G   0.02254   0.02116 0.0009582   0.04466       301       640    0.6206    0.7835    0.7497    0.4666   0.03467   0.03947   0.01168
   363/499     12.1G   0.02241   0.02707 0.0009436   0.05042       493       640    0.6243    0.7729    0.7379    0.4662   0.03467    0.0396    0.0113
   364/499     12.1G   0.02725   0.02634  0.001454   0.05504       393       640    0.6533    0.8046    0.7417     0.458    0.0351    0.0393   0.01122
   365/499     12.1G   0.02207   0.02049  0.001009   0.04357       323       640    0.6672    0.7301    0.7185     0.427   0.03584   0.03914   0.01255
   366/499     12.1G   0.02154   0.02405  0.001054   0.04665       320       640    0.6739    0.7585    0.7213     0.442   0.03428   0.03854   0.01293
   367/499     12.1G   0.02022   0.02677  0.001158   0.04815       418       640    0.6412    0.7799    0.7317    0.4359   0.03394   0.03816   0.01349
   368/499     12.1G   0.01988   0.02577  0.001064   0.04672       430       640     0.613    0.7835    0.7423    0.4557   0.03339   0.03759   0.01305
   369/499     12.1G   0.01949    0.0213  0.001307    0.0421       379       640    0.6042    0.7897    0.7383     0.453   0.03374   0.03785   0.01285
   370/499     12.1G   0.02253   0.02688  0.001022   0.05043       455       640    0.6118    0.8193    0.7373    0.4376   0.03402    0.0374   0.01253
   371/499     12.1G    0.0256   0.03056  0.001076   0.05724       551       640    0.5998     0.794    0.7006    0.4218   0.03472   0.03695   0.01222
   372/499     12.1G   0.02629   0.02628  0.001056   0.05363       362       640    0.5995    0.8261    0.7013     0.426   0.03339   0.03636   0.01252
   373/499     12.1G   0.02404   0.03051  0.001141   0.05569       498       640    0.6164    0.7875    0.7274    0.4525   0.03431   0.03734   0.01247
   374/499     12.1G   0.01997   0.02169  0.000888   0.04255       316       640    0.6334    0.7905    0.7362    0.4499   0.03374   0.03733   0.01215
   375/499     12.1G    0.0214   0.02203  0.001118   0.04455       307       640    0.6422    0.7799    0.7514    0.4741   0.03485   0.03927   0.01176
   376/499     12.1G    0.0203   0.02187  0.000859   0.04303       346       640    0.6207    0.7799    0.7605    0.4697    0.0347   0.03917   0.01093
   377/499     12.1G   0.02548   0.02668  0.001108   0.05327       385       640    0.6384    0.8049    0.7691    0.4638   0.03505   0.03949   0.01075
   378/499     12.1G   0.01931   0.02056 0.0009946   0.04087       309       640    0.6278    0.8085    0.7558    0.4722   0.03407    0.0383   0.01118
   379/499     12.1G   0.02091   0.02261  0.001208   0.04473       436       640    0.6289    0.8074    0.7434    0.4604   0.03413   0.03866    0.0109
   380/499     12.1G   0.02234    0.0281  0.001161    0.0516       373       640    0.6131    0.8111    0.7508     0.467    0.0339   0.03827   0.01043
   381/499     12.1G   0.02028   0.02638 0.0008567   0.04752       381       640    0.6195     0.787    0.7471    0.4534   0.03413   0.03846  0.009664
   382/499     12.1G   0.01938   0.02542  0.001022   0.04582       441       640    0.6268    0.7655    0.7521    0.4614   0.03368   0.03775  0.009291
   383/499     12.1G   0.02091   0.02568  0.001052   0.04764       422       640    0.6201    0.7691    0.7413    0.4526   0.03397   0.03818  0.009759
   384/499     12.1G   0.02352   0.02725  0.001057   0.05183       547       640    0.6511    0.7717    0.7427    0.4428    0.0343   0.03894  0.009958
   385/499     12.1G      0.02    0.0233 0.0009002    0.0442       357       640    0.6568    0.7638    0.7473    0.4638   0.03455   0.03868  0.009776
   386/499     12.1G   0.01801   0.02255 0.0009253   0.04148       341       640    0.6545     0.762    0.7405    0.4581   0.03422   0.03875   0.01002
   387/499     12.1G   0.02046   0.02718 0.0009574    0.0486       450       640    0.6539     0.762    0.7356    0.4601   0.03438   0.03875   0.01039
   388/499     12.1G    0.0192   0.02548   0.00092    0.0456       401       640    0.6349    0.7585    0.7266    0.4474   0.03436   0.03875   0.01101
   389/499     12.1G   0.02546   0.02474  0.001072   0.05128       407       640    0.6074    0.7335     0.725    0.4465   0.03483   0.03812   0.01139
   390/499     12.1G   0.02658   0.02874  0.001458   0.05678       428       640    0.6357     0.712    0.6876    0.4246    0.0352   0.03888   0.01242
   391/499     12.1G   0.02129   0.02388  0.001103   0.04627       344       640    0.6228    0.7335    0.6732    0.4291   0.03409   0.03811   0.01251
   392/499     12.1G   0.02005   0.02426 0.0008691   0.04518       425       640    0.6339    0.7109    0.6812    0.4215   0.03389   0.03712   0.01306
   393/499     12.1G   0.02827   0.03194 0.0009798   0.06119       538       640    0.6173    0.7147    0.6938    0.4176   0.03495   0.03902   0.01339
   394/499     12.1G   0.02255   0.02393 0.0008276   0.04731       329       640    0.6458    0.7335    0.7018    0.4332    0.0344   0.03794   0.01276
   395/499     12.1G   0.02172   0.02204   0.00116   0.04491       443       640    0.6578    0.7335    0.7083    0.4258   0.03482   0.03862   0.01235
   396/499     12.1G   0.02188   0.02184 0.0009223   0.04464       310       640    0.6571     0.737    0.7234    0.4564   0.03383   0.03865   0.01206
   397/499     12.1G   0.01974   0.02032 0.0008353   0.04089       330       640    0.6737    0.7335     0.719    0.4479    0.0342   0.03956   0.01182
   398/499     12.1G   0.01705   0.01821  0.001009   0.03627       282       640     0.684    0.7391    0.7067    0.4422   0.03401   0.03923   0.01222
   399/499     12.1G   0.02158   0.02656  0.001145   0.04928       438       640    0.6365    0.7655    0.7077    0.4461   0.03451   0.03841   0.01302
   400/499     12.1G   0.02584   0.02496 0.0009401   0.05174       363       640    0.6033    0.7335    0.7043    0.4427   0.03497   0.03968    0.0141
   401/499     12.1G   0.02306   0.02659 0.0009322   0.05059       442       640    0.6187     0.812    0.7112    0.4441   0.03488   0.03797   0.01372
   402/499     12.1G   0.02438    0.0259  0.001121    0.0514       478       640    0.6023    0.7761    0.7334    0.4706   0.03413   0.03813   0.01306
   403/499     12.1G   0.02156   0.02631  0.001001   0.04886       424       640    0.5985    0.8191    0.7493     0.463   0.03463   0.03796   0.01223
   404/499     12.1G   0.02248   0.02378 0.0008062   0.04707       407       640    0.5918    0.7971    0.7483    0.4671   0.03442    0.0381   0.01162
   405/499     12.1G   0.01973   0.02622  0.001059   0.04701       498       640       0.6    0.7921    0.7654    0.4528   0.03557   0.03859   0.01167
   406/499     12.1G   0.02595   0.03245 0.0009324   0.05934       508       640    0.6036    0.8288    0.7498    0.4622   0.03468   0.03826   0.01198
   407/499     12.1G   0.02129   0.02431 0.0009903   0.04659       385       640    0.6056    0.7905     0.766    0.4638   0.03479   0.03811   0.01081
   408/499     12.1G   0.01915   0.02526 0.0009938    0.0454       465       640    0.6273     0.762    0.7678    0.4705   0.03475   0.03839   0.01025
   409/499     12.1G   0.01887   0.02368 0.0008121   0.04337       345       640    0.6542    0.7585    0.7793     0.487   0.03483   0.03862  0.009815
   410/499     12.1G   0.01922   0.02445 0.0008048   0.04448       423       640    0.6524     0.762    0.7735    0.4783   0.03457   0.03852  0.009725
   411/499     12.1G   0.01789   0.02178 0.0006986   0.04037       412       640    0.6805    0.7655    0.7735    0.4653   0.03485   0.04012   0.00949
   412/499     12.1G   0.01644   0.01932 0.0008246   0.03658       331       640    0.6757    0.7585    0.7515    0.4601   0.03474   0.03979  0.009778
   413/499     12.1G   0.01685   0.02019 0.0007022   0.03774       297       640    0.6615    0.7549    0.7423    0.4575   0.03448   0.03986   0.01004
   414/499     12.1G   0.01756   0.02094 0.0009296   0.03943       326       640    0.6641    0.7549    0.7447    0.4612    0.0342    0.0403   0.01045
   415/499     12.1G    0.0194   0.02165 0.0008725   0.04192       402       640    0.6446    0.7549     0.747    0.4586   0.03465    0.0403   0.01063
   416/499     12.1G    0.0183   0.01973 0.0009116   0.03894       362       640    0.6341    0.7549    0.7333    0.4562   0.03422    0.0403   0.01123
   417/499     12.1G   0.01866   0.02158 0.0006945   0.04094       343       640    0.6443    0.7477    0.7291    0.4519   0.03399   0.04039   0.01214
   418/499     12.1G   0.02037   0.02596 0.0009746    0.0473       429       640    0.6436    0.7444    0.7226    0.4477   0.03445   0.04056   0.01266
   419/499     12.1G   0.02035   0.02278 0.0007233   0.04385       299       640    0.6126    0.7514    0.7261    0.4506   0.03367   0.03919   0.01366
   420/499     12.1G     0.019   0.01958   0.00073   0.03931       313       640    0.5945    0.7444    0.7315    0.4525   0.03446   0.03965   0.01478
   421/499     12.1G   0.01892   0.02013  0.001463   0.04051       316       640    0.5957    0.7373    0.7311    0.4542    0.0345   0.04028   0.01346
   422/499     12.1G   0.01995   0.02237 0.0007732   0.04309       352       640    0.6093    0.7479    0.7408    0.4482    0.0343   0.03954    0.0128
   423/499     12.1G   0.02372   0.02492  0.001091   0.04973       469       640    0.6009    0.7549    0.7212    0.4279   0.03464   0.04008   0.01351
   424/499     12.1G   0.01955   0.02223 0.0009174    0.0427       352       640    0.5976     0.759     0.717    0.4433   0.03439   0.03931   0.01384
   425/499     12.1G   0.02069    0.0244 0.0009323   0.04602       390       640    0.6014    0.7585    0.7379    0.4645   0.03409    0.0395   0.01367
   426/499     12.1G   0.01758   0.02179 0.0008978   0.04026       343       640    0.6009    0.7554    0.7336    0.4553   0.03397    0.0398   0.01309
   427/499     12.1G   0.01862   0.02208 0.0009575   0.04165       331       640    0.5929    0.7652    0.7349    0.4602   0.03426   0.03934   0.01282
   428/499     12.1G   0.01902    0.0189 0.0008889   0.03881       263       640    0.6117    0.7621    0.7403    0.4686   0.03391   0.03915   0.01237
   429/499     12.1G   0.02077   0.02388 0.0008445   0.04549       384       640    0.6064     0.765    0.7317    0.4603   0.03427   0.03942   0.01247
   430/499     12.1G   0.01819   0.02329 0.0009735   0.04245       378       640    0.5741    0.7585    0.7137     0.464    0.0338   0.03878   0.01316
   431/499     12.1G   0.01829   0.02161 0.0009077    0.0408       313       640      0.58    0.7611    0.7055    0.4565   0.03353   0.03864   0.01352
   432/499     12.1G   0.02104   0.02289  0.001021   0.04495       312       640    0.5648    0.7606    0.6937    0.4271   0.03406   0.03946   0.01522
   433/499     12.1G   0.01918   0.02331 0.0009278   0.04341       459       640    0.5541    0.7564    0.6928    0.4398   0.03433    0.0397   0.01504
   434/499     12.1G   0.01852   0.02309 0.0007137   0.04233       341       640    0.5461    0.7335    0.6834    0.4259   0.03381   0.03911   0.01486
   435/499     12.1G   0.01775   0.02226 0.0008035   0.04082       371       640    0.5656    0.7295    0.6873     0.436   0.03445   0.04011   0.01415
   436/499     12.1G   0.01841   0.02426 0.0009114   0.04359       468       640    0.5911    0.7335    0.7036    0.4308    0.0348   0.04038   0.01393
   437/499     12.1G   0.01878   0.02082  0.001094   0.04069       371       640    0.5877    0.7299    0.7192      0.46   0.03444   0.04042   0.01356
   438/499     12.1G   0.01833   0.02429 0.0009129   0.04354       457       640    0.6064    0.7479    0.7306    0.4678   0.03415   0.04031   0.01359
   439/499     12.1G    0.0167   0.02128 0.0006302   0.03861       349       640    0.6073    0.7479    0.7339    0.4598   0.03446   0.04102   0.01338
   440/499     12.1G   0.01748   0.02283 0.0008956   0.04121       371       640    0.5871    0.7514    0.7399    0.4675   0.03425   0.03993   0.01339
   441/499     12.1G   0.02042   0.02698  0.001027   0.04843       376       640    0.5856    0.7597    0.7368    0.4509   0.03407   0.04073   0.01286
   442/499     12.1G   0.01829     0.021 0.0008096    0.0401       290       640    0.6003     0.762    0.7449    0.4741   0.03377   0.03976   0.01152
   443/499     12.1G   0.02067   0.02214 0.0008315   0.04365       338       640    0.6122    0.7585    0.7614    0.4872   0.03401   0.03966   0.01094
   444/499     12.1G   0.01863   0.02284 0.0008454   0.04231       380       640    0.6054    0.7585    0.7579    0.4865   0.03377   0.03973   0.01146
   445/499     12.1G   0.02103   0.02236 0.0008113    0.0442       360       640    0.5805    0.7585    0.7476    0.4742   0.03437   0.03933   0.01188
   446/499     12.1G   0.01869   0.02238  0.000653   0.04172       325       640    0.5752    0.7642    0.7426    0.4851   0.03373   0.03786   0.01224
   447/499     12.1G     0.018   0.01766  0.000985   0.03664       250       640    0.5905    0.7764    0.7446    0.4679   0.03417   0.03882    0.0123
   448/499     12.1G    0.0202   0.02214 0.0007699    0.0431       293       640    0.5982    0.7799    0.7443    0.4695   0.03437   0.03852    0.0123
   449/499     12.1G   0.01943   0.02744  0.000924    0.0478       519       640    0.5969     0.787    0.7279    0.4488   0.03425   0.03877   0.01261
   450/499     12.1G   0.01886   0.02247  0.001021   0.04235       313       640    0.5699    0.7835     0.725    0.4655   0.03402   0.03872   0.01266
   451/499     12.1G   0.01777   0.02159 0.0009995   0.04037       348       640    0.5868     0.787    0.7359    0.4631   0.03396   0.03869   0.01289
   452/499     12.1G   0.01594   0.01733 0.0006987   0.03397       257       640    0.5886    0.7514     0.724    0.4564   0.03438   0.03931   0.01274
   453/499     12.1G   0.02033   0.02365  0.001133   0.04511       387       640    0.6049    0.7839    0.7322    0.4384   0.03411   0.03966   0.01199
   454/499     12.1G   0.01595   0.01881  0.001136   0.03589       301       640    0.5987    0.7549    0.7142     0.433   0.03421   0.03969   0.01203
   455/499     12.1G   0.01871   0.01992  0.000662   0.03929       332       640    0.6029    0.7585     0.719    0.4345   0.03453   0.03996    0.0118
   456/499     12.1G    0.0186   0.02685 0.0008844   0.04633       455       640    0.6064     0.762    0.7204    0.4304   0.03414   0.03983   0.01189
   457/499     12.1G   0.01702   0.02133 0.0008947   0.03924       343       640    0.6092    0.7915    0.7201    0.4257   0.03383   0.04024   0.01184
   458/499     12.1G   0.01665   0.02201 0.0006775   0.03935       343       640    0.6058    0.7905     0.736    0.4438   0.03377   0.04052   0.01117
   459/499     12.1G   0.01648   0.02321 0.0006577   0.04035       382       640    0.6111     0.786     0.722    0.4373   0.03347   0.04077    0.0112
   460/499     12.1G   0.01807   0.02032 0.0008539   0.03924       310       640    0.6055     0.769    0.7271    0.4481   0.03393    0.0414   0.01122
   461/499     12.1G   0.02265   0.02407  0.000744   0.04746       324       640    0.6408     0.794    0.7446    0.4387   0.03452   0.04183   0.01117
   462/499     12.1G   0.01911   0.02224 0.0009007   0.04226       417       640    0.6163    0.7725    0.7218    0.4379   0.03375   0.04039    0.0117
   463/499     12.1G   0.01605   0.02056 0.0007356   0.03735       294       640    0.6039    0.7975    0.7318    0.4466   0.03383   0.04045   0.01152
   464/499     12.1G   0.01567   0.01782 0.0009865   0.03447       329       640    0.6008    0.7975    0.7385    0.4534   0.03373   0.04025   0.01161
   465/499     12.1G   0.01817   0.02158 0.0007028   0.04046       350       640    0.5998    0.7975    0.7413    0.4448   0.03423   0.04043   0.01134
   466/499     12.1G    0.0191   0.02473 0.0008895   0.04473       324       640    0.6088     0.787    0.7552    0.4513   0.03382    0.0406   0.01112
   467/499     12.1G    0.0199   0.02463  0.001074    0.0456       420       640    0.6002    0.8335    0.7792    0.4468   0.03465   0.04041   0.01059
   468/499     12.1G    0.0197   0.02283 0.0008349   0.04336       325       640    0.5812    0.8085    0.7645    0.4679   0.03377   0.04009   0.01092
   469/499     12.1G   0.01651   0.01998 0.0007812   0.03727       336       640     0.567    0.8063    0.7619    0.4646   0.03365   0.04008   0.01106
   470/499     12.1G    0.0166   0.02213  0.000841   0.03957       400       640    0.5843     0.837    0.7783    0.4649   0.03424   0.03986   0.01035
   471/499     12.1G   0.01804   0.02087 0.0007727   0.03968       387       640    0.5757     0.837     0.776    0.4641   0.03414   0.03988   0.01019
   472/499     12.1G   0.02148   0.02414  0.001372   0.04699       422       640     0.572     0.844    0.7832    0.4645   0.03372   0.03918  0.009529
   473/499     12.1G   0.01599   0.01709 0.0007024   0.03378       270       640    0.5706    0.8405    0.7856    0.4856   0.03366   0.03871  0.009443
   474/499     12.1G   0.01948   0.02116  0.001353     0.042       383       640    0.5684    0.8405    0.7947     0.491    0.0338   0.03873  0.009951
   475/499     12.1G   0.01611   0.01783 0.0005025   0.03444       271       640    0.5766     0.837    0.7704    0.4783   0.03411   0.03888   0.01084
   476/499     12.1G   0.01835   0.02242  0.001162   0.04193       338       640    0.5955    0.8299    0.7626    0.4785   0.03414   0.03906   0.01158
   477/499     12.1G   0.01707   0.02317  0.000862    0.0411       326       640    0.5962    0.8335    0.7908    0.4951    0.0341   0.03978   0.01173
   478/499     12.1G   0.01728   0.02066 0.0009397   0.03887       399       640    0.6059     0.837     0.798    0.4956   0.03404   0.03921   0.01104
   479/499     12.1G    0.0188   0.02279 0.0008195   0.04241       355       640    0.6038    0.8085    0.7876    0.4862   0.03392   0.03864  0.009496
   480/499     12.1G   0.01531   0.02102 0.0006798   0.03701       396       640    0.6365     0.812     0.783    0.4782   0.03402   0.03944    0.0093
   481/499     12.1G   0.01744   0.02024 0.0005938   0.03828       311       640    0.6426    0.7835    0.7501    0.4629   0.03415   0.04059   0.00955
   482/499     12.1G   0.01792    0.0217 0.0006641   0.04028       358       640    0.6649     0.762    0.7544    0.4636   0.03373   0.04002  0.009762
   483/499     12.1G   0.01776   0.02082 0.0008094   0.03939       357       640    0.6757    0.7768    0.7652    0.4772   0.03388    0.0399  0.009238
   484/499     12.1G   0.01816   0.01891 0.0008839   0.03796       346       640    0.6785    0.8006    0.7588    0.4814   0.03384   0.03939   0.01028
   485/499     12.1G   0.01997   0.02658 0.0009172   0.04747       496       640    0.6497    0.8155     0.762    0.4811   0.03431   0.03921   0.01065
   486/499     12.1G   0.01874   0.02396 0.0008454   0.04354       342       640    0.6284    0.8155    0.7557     0.467   0.03412   0.03962   0.01119
   487/499     12.1G   0.01654   0.02086 0.0006862   0.03809       351       640    0.6202    0.7891    0.7563    0.4616   0.03424   0.03922   0.01079
   488/499     12.1G    0.0191   0.02049     0.001   0.04059       309       640    0.6349    0.7984    0.7641    0.4749    0.0343    0.0391  0.009963
   489/499     12.1G   0.01878   0.02094  0.000841   0.04057       357       640    0.6573     0.794    0.7766    0.4769   0.03436   0.03923  0.009772
   490/499     12.1G   0.01712   0.02047 0.0009823   0.03857       288       640    0.6218    0.7905    0.7659    0.4733    0.0342   0.03942  0.009835
   491/499     12.1G   0.02089   0.02634  0.001211   0.04844       561       640    0.6089     0.819    0.7665    0.4737   0.03444   0.03948   0.01055
   492/499     12.1G   0.01781   0.02061 0.0009033   0.03932       377       640    0.5878    0.8155    0.7863    0.4889   0.03435   0.03946   0.01041
   493/499     12.1G   0.01827   0.02137 0.0008136   0.04046       322       640    0.6077     0.812    0.7849    0.4963   0.03391   0.03945   0.01014
   494/499     12.1G   0.01618   0.01715 0.0008353   0.03417       249       640    0.6068     0.787    0.7705    0.4812   0.03403   0.03968  0.009919
   495/499     12.1G   0.02071   0.02644 0.0009875   0.04813       445       640    0.6089     0.794    0.7757    0.4632   0.03502   0.03942  0.009793
   496/499     12.1G   0.01734   0.02146 0.0009381   0.03974       315       640    0.6016     0.794    0.7505    0.4685   0.03432   0.03927   0.01056
   497/499     12.1G   0.01843   0.02164 0.0008788   0.04095       344       640    0.6052     0.787    0.7404    0.4572   0.03444   0.03921   0.01087
   498/499     12.1G    0.0175   0.02108 0.0009008   0.03948       326       640    0.5953    0.7655    0.7173    0.4447   0.03402   0.03909   0.01102
   499/499     12.1G   0.01882   0.02507  0.001147   0.04504       528       640    0.5894    0.7655    0.7127    0.4342   0.03419   0.03931   0.01078
